<!DOCTYPE html>
<html lang="en">
<head>
    <meta charset="UTF-8">
    <meta http-equiv="X-UA-Compatible" content="IE=edge">
    <meta name="viewport" content="width=device-width, initial-scale=1.0">
    <title>Adding media to Webpage</title>
    
    <p> Adding vector image to webpage</p>
    
    <!-- Sample SVG Code
    <?xml version="1.0" standalone="no"?>
<!DOCTYPE svg PUBLIC "-//W3C//DTD SVG 20010904//EN"
 "http://www.w3.org/TR/2001/REC-SVG-20010904/DTD/svg10.dtd">
<svg version="1.0" xmlns="http://www.w3.org/2000/svg"
 width="706.000000pt" height="554.000000pt" viewBox="0 0 706.000000 554.000000"
 preserveAspectRatio="xMidYMid meet">

<g transform="translate(0.000000,554.000000) scale(0.100000,-0.100000)"
fill="#000000" stroke="none">
<path d="M0 5160 c0 -289 3 -380 12 -380 9 0 9 -3 0 -12 -18 -18 -14 -28 11
-28 12 0 29 -5 37 -11 11 -8 6 -9 -22 -5 l-38 5 0 -79 c0 -53 4 -80 13 -84 9
-5 9 -7 -1 -12 -16 -7 -16 -25 1 -23 28 3 48 -2 42 -11 -3 -6 -17 -7 -31 -4
l-24 6 0 -131 c0 -95 3 -131 12 -131 9 0 9 -3 0 -12 -8 -8 -12 -54 -12 -139
l0 -128 33 -4 32 -3 -32 -8 c-34 -9 -42 -21 -20 -29 10 -4 10 -6 0 -6 -9 -1
-13 -25 -13 -85 l0 -85 44 3 c24 1 52 -1 62 -5 14 -6 10 -8 -16 -9 -19 -1 -29
-4 -22 -7 26 -10 11 -31 -28 -37 -45 -7 -54 -31 -17 -46 l22 -9 -22 0 c-14 -1
-23 -7 -23 -17 0 -9 10 -24 23 -34 l22 -19 -22 6 c-19 4 -23 1 -23 -16 0 -13
6 -21 18 -21 16 -1 16 -1 0 -14 -15 -11 -18 -31 -18 -134 l0 -120 68 -7 c109
-10 112 -12 20 -14 -51 0 -88 -5 -88 -11 0 -5 15 -10 33 -11 l32 -1 -32 -9
c-37 -11 -43 -28 -13 -36 11 -3 20 -10 20 -16 0 -6 22 -8 63 -4 57 6 60 5 37
-8 -14 -8 -36 -15 -50 -15 -14 -1 -38 -7 -55 -15 -28 -14 -25 -14 50 -9 44 4
84 10 90 15 12 12 45 11 45 -1 0 -5 18 -9 39 -7 30 1 37 5 29 15 -13 15 -7 15
27 2 14 -5 67 -12 118 -15 190 -11 239 -30 103 -40 -49 -4 -68 -1 -80 10 -16
16 -51 18 -145 9 -59 -7 -86 -24 -37 -24 14 0 28 -4 31 -10 3 -5 0 -10 -7 -10
-8 0 -22 -6 -32 -13 -15 -11 -6 -12 56 -9 50 3 70 1 63 -6 -5 -6 -26 -13 -45
-15 -19 -3 2 -4 48 -3 81 3 114 -6 69 -18 -12 -3 -39 -6 -59 -6 -20 0 -39 -4
-42 -9 -10 -15 16 -18 59 -9 22 5 70 8 108 6 62 -3 85 3 54 15 -6 3 3 6 21 6
19 1 31 5 27 11 -9 15 26 12 55 -5 14 -8 37 -14 53 -15 43 0 32 -18 -15 -24
-95 -12 -179 -14 -209 -6 -19 6 -37 5 -47 -1 -10 -5 -55 -15 -102 -23 -55 -9
-72 -14 -48 -15 20 0 48 -6 62 -13 20 -9 39 -8 88 6 62 17 64 17 158 -9 52
-15 109 -29 127 -32 18 -3 38 -11 44 -19 6 -8 20 -14 31 -14 30 0 10 -20 -20
-21 -24 0 -25 -1 -7 -9 17 -6 15 -8 -15 -14 -19 -3 -52 -7 -73 -10 -42 -4 -63
-16 -29 -16 11 0 24 -4 27 -10 3 -5 41 -10 83 -11 42 0 71 -3 64 -6 -6 -2 -10
-9 -6 -14 3 -5 -6 -9 -20 -9 -14 0 -26 -4 -26 -10 0 -11 19 -14 60 -11 19 1
22 -1 10 -8 -19 -12 -141 -15 -192 -6 -25 5 -38 3 -38 -4 0 -7 -23 -11 -59
-11 -33 0 -63 -5 -66 -10 -4 -6 41 -10 127 -11 82 -1 123 -4 108 -9 -16 -5 28
-9 115 -10 148 -2 156 -17 10 -19 -56 -1 -75 -4 -65 -11 10 -7 -28 -10 -117
-10 -83 0 -133 -4 -133 -10 0 -10 -22 -8 -117 6 -23 3 -30 9 -26 19 3 8 0 15
-6 15 -18 0 -12 20 7 21 10 0 6 5 -11 11 -31 11 -133 2 -142 -13 -4 -5 -17 -9
-30 -9 -18 0 -23 5 -22 20 1 15 8 20 32 20 16 0 37 5 45 10 11 7 3 10 -30 11
-47 0 -43 4 28 27 25 8 41 7 67 -4 40 -16 59 -18 50 -4 -3 6 4 10 17 11 13 0
39 6 58 13 l35 13 -48 0 c-26 1 -54 6 -62 13 -21 17 -334 18 -345 1 -5 -9 -17
-11 -34 -7 -19 5 -26 2 -26 -8 0 -8 14 -16 35 -20 19 -3 51 -9 71 -12 25 -5
39 -2 46 7 6 10 7 6 2 -11 -3 -14 -14 -29 -23 -34 -14 -9 -12 -11 9 -17 23 -6
23 -7 -7 -8 -38 -1 -45 -21 -8 -21 14 0 25 -4 25 -9 0 -5 10 -7 21 -4 18 5 20
3 14 -16 -4 -12 -2 -21 4 -21 6 0 11 7 11 15 0 9 9 15 24 15 14 0 28 5 31 10
12 19 93 12 115 -10 l20 -20 -43 -1 -42 -1 40 -10 c22 -5 119 -10 215 -11 113
-2 182 -7 195 -15 18 -10 18 -11 -10 -12 -17 0 -37 6 -43 12 -10 10 -15 10
-22 -2 -7 -11 -4 -17 8 -21 13 -5 10 -8 -13 -14 -56 -13 -65 -16 -65 -24 0
-14 95 -22 163 -15 38 4 72 2 83 -4 22 -12 -119 -22 -276 -20 -58 1 -184 1
-280 0 -167 -2 -174 -3 -145 -18 17 -9 46 -16 65 -15 147 7 199 6 188 -1 -9
-5 -7 -8 7 -8 12 0 26 5 31 10 7 7 37 7 87 2 42 -4 77 -5 77 -1 0 4 31 9 69
11 55 2 67 0 59 -10 -8 -9 -2 -12 28 -13 33 -1 35 -2 14 -8 -20 -6 -15 -9 30
-15 30 -4 64 -7 74 -7 14 0 16 -3 7 -12 -17 -17 -211 -23 -211 -7 0 9 -12 11
-45 7 -24 -4 -52 -4 -62 0 -15 6 -15 7 3 14 13 5 2 8 -31 8 -61 1 -93 -14 -52
-24 15 -4 27 -11 27 -17 0 -5 -4 -7 -9 -3 -5 3 -13 0 -17 -6 -5 -9 0 -10 17
-5 13 4 53 9 89 11 36 1 57 1 48 -2 -28 -7 -21 -19 10 -17 38 2 52 -9 22 -18
-17 -5 -8 -6 28 -4 28 2 52 -1 52 -5 0 -17 -75 -21 -160 -10 -48 7 -114 12
-146 12 -32 -1 -90 -1 -128 -2 -39 0 -84 -7 -100 -14 -34 -15 -36 -14 39 -20
11 -1 28 -6 38 -10 10 -4 68 -5 129 -3 60 3 106 2 101 -2 -4 -5 -59 -10 -122
-12 -89 -2 -115 -6 -119 -18 -10 -25 -54 -70 -71 -71 -9 -1 4 -5 29 -10 25 -5
51 -7 57 -4 7 2 13 0 13 -5 0 -11 69 -14 94 -4 30 12 -3 34 -50 34 -24 0 -44
4 -44 9 0 11 17 17 79 26 34 6 42 4 36 -5 -7 -11 11 -12 84 -7 80 5 91 4 81
-9 -10 -12 -8 -14 14 -14 16 0 25 -4 21 -10 -5 -9 15 -15 37 -11 5 0 8 -3 8
-8 0 -10 -10 -14 -70 -27 -35 -8 -34 -8 20 -15 85 -10 153 -20 180 -26 25 -6
25 -6 -5 -13 l-30 -6 35 -16 35 -16 -48 -1 c-27 -1 -46 -5 -42 -10 3 -6 -26
-13 -67 -17 -71 -8 -72 -8 -33 -16 22 -4 69 -8 104 -8 54 0 62 -2 57 -16 -5
-14 0 -16 47 -10 32 4 65 2 83 -4 l29 -11 -55 -20 c-47 -16 -186 -39 -230 -37
-8 1 -37 -2 -64 -6 -33 -5 -46 -4 -41 3 3 6 24 14 46 17 52 9 60 24 12 24 -22
0 -43 4 -49 9 -5 5 -25 11 -44 13 -20 2 5 7 60 12 104 10 107 8 -40 35 -32 6
-37 9 -17 10 26 1 40 21 15 21 -9 0 -8 4 2 10 11 7 3 10 -29 10 -42 0 -44 1
-25 16 19 15 19 16 -1 9 -11 -4 -31 -10 -45 -12 -14 -3 -32 -7 -40 -10 -16 -6
-29 -9 -77 -19 -18 -3 -33 -10 -33 -15 0 -5 -8 -9 -19 -9 -10 0 -24 -6 -30
-14 -9 -11 -6 -15 15 -19 15 -2 40 -1 56 4 30 8 58 3 58 -11 0 -5 -22 -14 -50
-21 -57 -15 -65 -29 -17 -29 l32 -1 -25 -14 c-25 -14 -25 -14 -2 -15 12 0 31
6 42 12 14 9 23 9 30 2 8 -8 -3 -15 -37 -27 -36 -12 -42 -16 -23 -17 l25 -1
-25 -12 c-38 -18 -34 -33 8 -30 32 3 34 2 14 -7 -28 -12 -28 -30 1 -30 12 -1
45 -7 72 -14 45 -12 47 -14 21 -17 -51 -7 -44 -29 9 -29 25 0 44 -4 41 -9 -4
-5 3 -7 14 -4 36 9 21 -6 -25 -26 -25 -11 -45 -24 -45 -30 0 -5 -16 -15 -35
-21 -50 -17 -52 -30 -2 -18 75 17 137 25 137 18 0 -4 -16 -11 -36 -15 -35 -6
-114 -42 -114 -52 0 -2 9 -1 20 2 11 4 37 8 58 10 20 1 46 6 57 10 16 6 14 4
-5 -12 -14 -11 -36 -26 -48 -32 -36 -19 -20 -23 27 -6 23 8 39 11 37 6 -9 -15
-76 -42 -86 -36 -6 3 -7 -1 -4 -9 3 -9 14 -16 23 -16 11 -1 9 -5 -8 -14 -21
-12 -17 -13 40 -10 67 4 67 3 12 -33 -16 -11 -14 -12 12 -7 l30 5 -21 -18
c-12 -10 -30 -24 -40 -30 -18 -12 -18 -13 1 -10 15 1 20 -4 19 -21 -1 -23 0
-23 56 -4 8 3 6 -2 -5 -11 -19 -15 -19 -16 -2 -23 17 -6 17 -7 0 -27 l-18 -21
27 17 c30 18 53 23 43 8 -7 -12 31 -25 46 -15 7 4 1 -7 -11 -24 -13 -18 -21
-35 -17 -38 3 -3 -6 -17 -21 -31 -17 -16 -21 -23 -10 -19 28 8 31 -12 4 -29
-13 -9 -27 -23 -30 -30 -4 -11 2 -11 30 3 29 13 37 14 43 3 7 -10 13 -10 29
-2 25 13 32 14 32 2 0 -5 -15 -15 -32 -22 l-33 -14 30 -5 30 -5 -47 -47 c-27
-25 -48 -49 -48 -52 0 -9 81 43 113 72 49 46 28 13 -28 -43 -30 -30 -60 -55
-67 -55 -7 0 -28 -15 -46 -34 -18 -19 -46 -39 -62 -46 -17 -7 -30 -17 -30 -22
0 -5 -5 -6 -11 -3 -7 5 -2 16 13 32 l23 26 -29 -18 c-15 -11 -51 -30 -80 -43
l-51 -23 29 30 c28 29 28 31 8 31 -11 0 -24 -4 -27 -10 -3 -5 -13 -10 -22 -10
-12 0 -13 3 -4 14 19 22 -6 30 -34 12 -14 -9 -25 -12 -25 -6 0 6 -10 8 -24 4
-39 -10 -50 23 -17 53 l26 24 -41 -20 c-44 -21 -43 -22 -45 30 0 11 -8 14 -31
11 -28 -4 -30 -2 -25 17 3 12 0 21 -6 21 -6 0 0 12 14 26 l24 26 -52 -7 c-50
-7 -51 -6 -46 17 4 12 11 27 17 31 8 6 8 10 -1 13 -7 3 -10 11 -7 19 9 22 -14
27 -51 9 l-35 -16 0 -549 0 -549 3530 0 3530 0 0 484 c0 378 -3 485 -12 489
-10 4 -10 6 0 6 18 1 15 19 -6 24 -16 4 -16 5 1 6 16 1 17 19 17 221 0 217 0
219 -22 231 -13 7 -36 26 -53 43 -60 63 -109 121 -110 129 0 4 -7 12 -15 17
-12 7 -12 12 -2 22 20 20 14 42 -21 78 -20 23 -40 34 -53 32 -11 -2 -27 4 -34
13 -7 8 -21 15 -31 15 -9 0 -24 6 -31 13 -44 42 -94 60 -205 74 -24 3 -43 9
-43 14 0 5 -9 9 -20 9 -11 0 -20 5 -20 10 0 6 -6 10 -13 10 -18 0 -67 24 -67
33 0 4 -6 7 -14 7 -8 0 -27 11 -43 23 -37 31 -163 97 -184 97 -10 0 -25 7 -34
16 -9 10 -26 14 -40 12 -13 -3 -22 -2 -20 2 2 4 -13 7 -35 6 -45 -1 -47 -4
-21 -35 l19 -22 4 23 c4 23 4 23 18 -5 15 -31 65 -60 91 -52 10 4 19 -1 23
-12 5 -12 9 -14 14 -6 5 8 14 2 27 -17 11 -17 26 -30 33 -30 7 0 15 -7 19 -16
4 -12 7 -13 14 -3 6 11 9 10 15 -4 3 -9 16 -17 28 -17 12 0 27 -9 34 -21 9
-13 19 -18 32 -14 13 4 20 0 25 -16 5 -13 10 -17 14 -11 5 8 18 1 39 -18 18
-16 32 -24 32 -17 0 6 13 -3 29 -21 20 -21 39 -32 57 -32 26 0 27 -1 9 -14
-18 -13 -38 -11 -87 9 -15 6 -18 2 -18 -21 0 -21 3 -25 9 -15 6 9 14 10 22 5
8 -5 23 -10 34 -11 86 -11 125 -22 125 -35 0 -6 -6 -8 -12 -5 -61 25 -64 18
-7 -11 41 -21 54 -47 15 -29 -14 7 -26 15 -26 20 0 4 -10 7 -22 7 -17 0 -19
-3 -10 -12 17 -17 15 -33 -3 -18 -13 11 -14 10 -9 -5 5 -13 4 -16 -4 -11 -8 5
-12 0 -12 -14 0 -14 -4 -19 -12 -14 -8 5 -9 2 -5 -9 3 -9 2 -19 -3 -22 -6 -4
-10 1 -10 9 0 9 -4 16 -10 16 -5 0 -10 -9 -10 -19 0 -10 -7 -21 -15 -25 -10
-4 -15 1 -15 14 0 11 -7 20 -15 20 -9 0 -12 -6 -8 -16 5 -14 3 -15 -16 -5 -12
7 -26 9 -32 5 -6 -4 -15 0 -20 7 -7 9 -7 5 -3 -13 5 -22 2 -28 -10 -28 -9 0
-19 -15 -26 -40 -11 -42 -18 -47 -38 -30 -9 7 -9 7 -2 -2 13 -15 13 -58 0 -78
-8 -12 -10 -12 -10 5 0 15 -2 17 -9 6 -7 -10 -12 -8 -25 10 l-17 24 6 -26 c8
-32 -10 -47 -24 -21 -10 19 -5 58 10 78 5 6 6 14 2 18 -4 3 -12 -6 -19 -21
-12 -27 -13 -27 -11 -4 2 30 -45 62 -51 35 -5 -22 5 -29 23 -14 13 10 15 9 15
-8 0 -16 -4 -20 -16 -15 -9 3 -20 0 -25 -8 -7 -11 -9 -11 -9 4 0 9 -5 17 -10
17 -6 0 -4 -15 5 -36 11 -27 12 -41 4 -56 -6 -11 -8 -26 -5 -34 3 -8 1 -14 -4
-14 -5 0 -18 20 -29 44 -10 24 -27 49 -38 54 -30 17 -66 18 -71 3 -3 -9 0 -11
9 -6 10 5 11 5 4 -3 -5 -5 -19 -12 -29 -14 -15 -2 -9 -8 22 -23 23 -11 40 -25
38 -32 -5 -13 18 -36 26 -27 4 3 18 -5 32 -17 23 -20 24 -24 11 -39 -22 -24
-31 -80 -13 -80 8 0 20 6 27 13 8 6 5 -3 -5 -22 -14 -25 -16 -35 -6 -38 6 -3
12 -9 12 -14 0 -6 -4 -8 -9 -5 -4 3 -17 -4 -27 -17 l-19 -22 23 19 c14 13 22
15 22 6 0 -9 4 -10 13 -2 31 26 44 -16 21 -72 -5 -14 -4 -17 5 -11 18 11 30
-12 26 -52 -3 -28 -1 -32 11 -22 11 9 14 7 14 -15 0 -14 5 -26 10 -26 6 0 10
-7 10 -15 0 -8 -6 -15 -14 -15 -15 0 -49 -46 -49 -66 0 -7 -6 -10 -14 -7 -7 3
-12 15 -11 27 4 27 -16 36 -21 10 -1 -10 -10 -26 -18 -36 -8 -9 -13 -22 -12
-30 3 -27 -1 -38 -16 -38 -8 0 -15 -6 -16 -12 0 -7 -4 -4 -8 6 -6 16 -10 11
-19 -27 -7 -26 -16 -46 -21 -44 -5 1 -17 -7 -25 -18 -18 -24 -20 -10 -7 47 5
22 5 36 0 32 -5 -3 -9 -14 -9 -25 0 -10 -7 -19 -15 -19 -8 0 -15 -4 -15 -10 0
-5 -5 -10 -12 -10 -7 0 -28 -15 -47 -32 -20 -20 -31 -26 -28 -15 18 48 18 51
-2 27 -11 -14 -21 -29 -21 -35 -1 -15 -40 -62 -40 -47 0 23 -37 12 -50 -16
-12 -23 -14 -24 -18 -8 -3 15 -6 16 -14 5 -8 -11 -11 -12 -15 -1 -4 10 -11 8
-27 -8 l-23 -20 2 29 2 29 -60 -51 c-32 -28 -65 -64 -73 -79 -8 -16 -17 -28
-20 -28 -7 0 15 40 45 80 l26 35 -30 -19 c-16 -10 -24 -13 -17 -5 6 7 12 22
12 34 0 19 -1 19 -19 -4 -10 -13 -23 -21 -29 -17 -6 4 -22 -13 -38 -39 -31
-54 -41 -54 -19 0 9 20 14 40 11 42 -3 3 0 15 6 27 8 15 3 13 -21 -9 -32 -30
-61 -78 -61 -100 0 -12 59 -13 77 -2 6 4 9 -7 8 -23 -1 -16 2 -27 7 -24 4 3 8
0 8 -7 0 -8 4 -8 15 1 8 7 15 9 15 5 0 -4 7 -2 15 5 24 20 17 5 -14 -31 -36
-41 -31 -52 7 -17 15 14 35 28 45 31 15 6 16 2 11 -21 l-7 -27 28 25 c28 25
28 25 16 2 -7 -13 -10 -26 -7 -30 3 -3 6 0 6 6 0 6 14 17 31 26 25 12 30 13
26 2 -10 -25 7 -27 20 -4 12 23 12 23 13 -7 l1 -30 15 28 c14 26 42 40 29 14
-4 -6 1 -3 9 7 15 19 16 18 16 -13 0 -28 2 -31 14 -22 12 10 14 8 9 -11 -4
-22 -4 -22 11 -4 8 10 17 23 19 29 6 20 27 -4 27 -31 1 -26 1 -26 17 8 12 27
17 31 20 17 5 -18 5 -18 19 0 12 16 15 16 27 3 19 -23 37 -22 38 2 l0 23 9
-21 c14 -35 30 -39 30 -8 0 20 3 25 11 17 6 -6 11 -43 11 -83 1 -53 3 -68 11
-55 5 10 7 35 4 57 -4 28 -2 37 5 30 7 -7 8 -35 3 -78 -6 -57 -9 -66 -19 -52
-11 16 -14 15 -27 -4 -37 -53 -40 -55 -33 -23 3 17 8 39 11 50 4 15 2 17 -7 9
-6 -6 -13 -18 -14 -25 -6 -29 -18 -49 -27 -43 -5 3 -9 -2 -9 -10 0 -9 -4 -16
-10 -16 -5 0 -10 6 -10 14 0 8 -5 18 -12 22 -7 4 -8 3 -4 -4 5 -8 1 -10 -9 -6
-10 4 -15 14 -12 25 7 27 -1 24 -42 -19 -20 -20 -33 -33 -29 -28 5 6 8 17 8
26 0 13 -1 13 -10 0 -8 -12 -10 -9 -10 13 l0 28 -22 -21 c-13 -12 -24 -16 -26
-11 -2 5 -10 7 -19 4 -8 -3 -19 0 -24 8 -7 12 -9 12 -9 -1 0 -13 -2 -13 -10 0
-8 12 -11 12 -28 -3 -24 -22 -33 -22 -25 0 7 18 9 19 -62 -25 -39 -24 -40 -24
-20 -2 11 12 30 26 43 31 12 5 22 14 22 21 0 9 -3 9 -12 0 -7 -7 -18 -12 -26
-12 -12 0 -12 3 -2 15 26 31 -4 13 -37 -23 l-35 -37 16 32 c19 38 21 52 4 35
-19 -19 -38 -14 -38 9 0 20 -1 21 -25 5 -23 -15 -24 -15 -18 1 6 17 5 16 -15
-1 -11 -10 -27 -16 -34 -13 -10 4 -10 6 0 6 6 1 12 7 12 15 0 10 -10 14 -34
12 -18 -2 -37 -6 -42 -9 -6 -3 -16 -2 -24 4 -13 7 -12 9 1 9 21 0 66 36 58 45
-7 6 -97 -40 -152 -78 -16 -10 -31 -17 -34 -14 -2 3 15 18 39 33 52 33 103 74
91 74 -5 0 -15 -6 -22 -13 -11 -10 -14 -9 -18 1 -4 10 -9 9 -24 -4 -18 -16
-19 -16 -20 7 0 13 -3 19 -5 12 -3 -7 -12 -9 -20 -6 -7 3 -11 9 -8 14 3 5 1 9
-5 9 -5 0 -13 -4 -16 -10 -3 -5 -16 -15 -28 -21 -22 -12 -22 -12 -3 10 23 25
16 27 -24 6 -37 -19 -38 -10 -2 29 25 29 25 29 1 8 -14 -12 -31 -22 -37 -22
-7 0 -12 -6 -12 -12 -1 -7 -6 -3 -13 10 -13 22 -14 22 -30 4 -9 -10 -14 -22
-10 -25 3 -4 -3 -7 -13 -7 -11 0 -25 -5 -31 -11 -9 -9 -10 -6 -6 12 4 13 16
31 27 41 13 11 16 17 8 18 -8 0 -27 -13 -44 -30 -30 -31 -61 -43 -38 -15 7 8
8 15 2 15 -5 0 -15 -7 -22 -15 -7 -8 -17 -12 -23 -8 -6 4 -3 11 8 20 11 7 14
13 7 13 -6 0 -9 7 -5 16 5 14 3 15 -17 4 -20 -11 -22 -10 -17 4 5 13 3 14 -13
4 -13 -9 -16 -14 -7 -20 14 -9 9 -13 -25 -22 -20 -5 -30 -1 -41 14 -14 20 -14
20 -31 1 -14 -15 -21 -17 -30 -8 -10 9 -8 15 8 29 12 9 16 17 10 18 -18 0 -47
-38 -38 -51 4 -7 3 -10 -3 -6 -5 3 -24 -3 -41 -13 -24 -15 -30 -16 -25 -4 3 8
-1 22 -8 31 -12 14 -11 15 9 9 16 -5 24 -3 28 8 3 9 11 13 17 9 6 -3 7 -1 3 5
-4 7 -3 12 1 12 5 0 18 7 29 16 18 14 18 15 -6 8 -14 -4 -37 -15 -52 -26 -16
-11 -28 -17 -28 -14 0 3 -16 -2 -35 -10 -46 -19 -52 -18 -27 5 28 24 28 41 0
41 -23 1 -23 1 2 16 l25 15 -25 -7 c-14 -4 -31 -9 -39 -12 -9 -3 -12 -1 -7 6
9 15 5 15 -30 2 -35 -14 -70 -4 -54 15 9 11 5 13 -22 9 -18 -3 -50 -11 -70
-19 -27 -11 -39 -11 -44 -3 -4 7 -3 8 4 4 17 -10 15 10 -3 27 -8 8 -12 17 -10
19 3 3 -10 3 -28 1 -24 -3 -29 -2 -17 6 22 15 5 13 -37 -4 -33 -14 -38 -14
-52 0 -15 15 -14 15 2 9 10 -3 17 -1 17 5 0 20 -26 23 -65 7 -49 -21 -50 -20
-30 10 16 25 16 25 -4 15 -13 -7 -33 -8 -58 -2 -31 8 -34 10 -18 16 11 3 28
18 39 32 l19 25 -27 -17 c-16 -11 -26 -13 -26 -6 0 7 -10 5 -26 -5 -19 -13
-28 -14 -33 -5 -6 9 -19 8 -57 -5 -95 -32 -107 -35 -94 -19 11 13 7 15 -19 15
-17 0 -31 -4 -31 -10 0 -5 -7 -10 -16 -10 -9 0 -28 -6 -42 -14 -15 -7 -52 -25
-82 -40 -30 -14 -70 -35 -89 -48 -23 -15 -32 -17 -29 -8 2 8 29 28 59 45 74
41 82 47 95 70 6 11 15 20 20 20 5 0 26 11 47 23 36 23 48 42 26 42 -5 0 -7 4
-4 10 11 18 -7 10 -29 -13 -26 -28 -76 -60 -76 -49 0 4 5 13 12 20 7 7 8 12 2
12 -6 0 -17 -11 -24 -25 -7 -14 -19 -25 -27 -25 -7 0 -13 -4 -13 -10 0 -5 -5
-10 -11 -10 -15 0 -39 -26 -39 -43 0 -8 -34 -45 -77 -83 -90 -81 -92 -73 -6
21 35 37 63 72 63 76 0 5 -28 -20 -61 -56 -34 -36 -66 -65 -72 -65 -5 0 -4 7
3 15 27 32 -12 14 -55 -26 -25 -23 -45 -37 -45 -31 0 6 5 14 10 17 21 13 9 24
-16 15 -34 -13 -47 -13 -38 2 5 8 3 8 -7 2 -8 -5 -41 -9 -74 -9 -33 -1 -69 -5
-79 -10 -15 -6 -17 -5 -11 5 6 10 1 12 -24 7 -23 -5 -30 -3 -25 5 5 8 -2 9
-26 5 l-32 -7 23 21 24 20 -35 -7 c-32 -6 -34 -5 -20 11 14 17 13 18 -25 10
-22 -5 -51 -8 -65 -8 -27 1 -150 -24 -190 -38 l-25 -10 25 21 c14 11 21 19 15
18 -21 -4 -85 13 -80 22 3 5 -15 2 -40 -7 -25 -10 -45 -21 -45 -25 0 -4 -5 -8
-12 -8 -6 0 1 14 18 32 16 17 24 28 19 25 -6 -3 -29 -8 -51 -10 -43 -5 -148
-49 -159 -66 -3 -6 -11 -11 -18 -11 -6 0 4 12 21 26 18 15 32 31 32 37 0 5 -6
4 -14 -2 -13 -11 -56 -27 -98 -36 -10 -2 -18 1 -18 6 0 6 -5 7 -11 3 -6 -3
-30 -8 -52 -9 -23 -2 -53 -7 -67 -11 l-25 -7 24 27 c14 14 21 26 17 26 -15 0
-66 -31 -66 -40 0 -19 -18 -10 -23 11 -4 15 1 28 16 41 22 19 22 19 -13 2
l-35 -17 25 28 c22 25 23 27 5 21 -39 -15 -57 -15 -72 -1 -8 8 -26 15 -41 15
-15 0 -22 4 -17 8 6 4 16 19 24 34 8 15 17 25 21 23 4 -2 7 2 7 10 0 12 -5 12
-35 -1 -46 -19 -52 -17 -23 6 28 24 15 27 -17 4 -13 -9 -25 -14 -27 -13 -2 2
19 20 46 39 53 38 58 47 32 52 -15 3 -14 7 9 27 15 13 25 28 22 32 -2 4 5 13
16 19 11 6 20 16 20 23 0 15 31 36 85 59 29 12 34 17 18 17 -12 1 -25 -3 -28
-9 -3 -5 -12 -10 -18 -10 -7 0 4 10 23 22 19 11 46 28 59 36 17 10 20 16 11
22 -8 5 -1 10 21 15 19 4 43 14 54 21 18 13 16 14 -24 14 -36 0 -42 2 -32 14
10 11 8 15 -6 19 -13 3 -10 6 12 11 29 7 60 21 132 59 39 20 44 31 8 17 -16
-6 -25 -6 -25 0 0 6 3 10 8 10 4 0 23 14 42 31 25 22 29 29 15 25 -87 -21 -91
-18 -25 20 36 20 76 44 90 54 14 10 49 26 79 35 29 10 55 24 58 31 3 8 9 14
13 14 5 0 27 12 49 27 29 19 37 29 29 35 -10 5 -7 12 10 23 12 9 22 21 22 27
0 6 -6 6 -15 -2 -22 -18 -31 -5 -11 15 15 15 20 29 17 48 -2 11 14 8 27 -5 9
-9 12 -9 12 0 0 7 -4 12 -10 12 -19 0 -10 18 18 36 15 10 35 17 44 17 10 -1
23 13 33 34 12 25 29 40 56 51 23 9 35 18 29 22 -7 4 3 12 22 19 18 7 47 19
63 26 l30 14 -30 1 c-29 0 -29 1 -9 13 12 6 55 32 95 57 41 25 85 46 98 47 13
1 27 6 30 11 3 5 25 19 49 31 23 12 42 25 42 30 0 5 17 12 38 16 52 9 118 32
147 51 13 9 29 13 35 9 12 -7 129 72 131 89 1 6 1 14 0 19 -1 4 10 13 24 19
45 20 26 28 -21 8 -63 -27 -64 -26 -19 21 22 22 32 37 23 34 -10 -4 -18 -3
-18 1 1 17 35 50 91 87 30 20 66 48 79 62 13 14 31 25 39 25 9 0 12 -3 6 -8
-5 -4 -23 -23 -40 -42 -23 -27 -25 -30 -5 -13 24 21 119 63 142 63 6 0 5 -7
-3 -17 -12 -15 -12 -16 4 -10 9 4 25 10 35 14 14 5 15 4 6 -8 -6 -8 -14 -22
-17 -31 -5 -15 -3 -16 21 -7 27 10 27 10 -5 -23 -38 -39 -42 -53 -13 -45 11 3
20 1 20 -4 0 -5 17 -7 38 -3 20 3 55 7 77 8 22 1 50 7 63 15 22 12 23 11 12
-9 -16 -30 -6 -36 26 -15 24 15 26 16 21 1 -7 -19 -6 -19 27 -6 21 7 26 6 26
-5 0 -8 5 -15 10 -15 6 0 10 -7 10 -16 0 -14 3 -14 15 -4 18 15 19 7 4 -23 -9
-18 -6 -16 14 5 28 32 38 27 30 -13 -7 -36 4 -38 17 -4 12 32 32 33 24 1 -5
-21 -3 -24 15 -19 16 4 21 1 22 -13 1 -11 7 -1 14 21 12 36 14 38 21 18 3 -13
10 -23 15 -23 5 0 9 -15 10 -32 0 -26 2 -29 8 -14 7 18 8 18 24 -5 l17 -23 0
23 c0 19 3 21 14 11 8 -6 17 -24 19 -38 2 -16 5 -7 6 21 1 40 5 49 26 59 14 6
25 16 25 21 0 15 39 -23 45 -44 10 -29 26 -22 22 9 -2 15 2 41 9 58 7 17 10
34 7 38 -4 3 0 6 9 6 8 0 28 -13 45 -28 16 -16 44 -37 61 -48 18 -10 32 -24
32 -30 0 -6 7 -25 15 -40 15 -29 15 -28 9 19 -6 44 -5 47 12 40 17 -6 17 -5 5
10 -9 12 -10 17 -2 17 7 0 9 5 6 10 -4 6 -12 8 -18 4 -7 -3 -3 2 7 10 11 9 29
16 40 17 15 0 17 2 6 6 -31 11 -41 25 -29 39 6 7 8 18 4 25 -6 8 -2 8 14 0 11
-7 21 -8 21 -4 0 10 -30 55 -44 66 -7 5 -2 7 11 4 31 -7 38 20 7 27 -21 6 -24
12 -24 55 0 30 5 51 12 54 8 3 6 6 -5 6 -10 1 -22 11 -27 24 -9 18 -9 17 -4
-10 6 -38 -4 -63 -17 -42 -5 9 -9 -10 -9 -50 0 -55 -2 -62 -15 -51 -8 7 -15
19 -15 26 0 20 -18 17 -23 -3 -3 -12 -5 -9 -6 8 0 15 -8 30 -17 33 -10 4 -14
12 -10 22 9 24 -3 37 -22 22 -14 -12 -15 -9 -9 20 8 39 -5 35 -34 -12 -16 -26
-19 -28 -19 -10 0 12 6 40 14 62 13 37 13 40 -1 35 -13 -5 -14 1 -11 33 3 21
3 31 1 21 -5 -21 -23 -23 -23 -2 0 8 -4 15 -9 15 -5 0 -14 12 -19 28 l-10 27
-1 -32 c-1 -36 -16 -44 -24 -13 -3 11 -10 20 -17 20 -7 0 -9 -8 -4 -22 6 -22
6 -22 -14 2 -12 14 -21 20 -22 14 0 -25 -31 -22 -57 4 -16 15 -25 23 -20 18 4
-6 7 -18 7 -28 0 -16 -3 -17 -21 -8 -19 11 -20 10 -8 -12 l12 -23 -27 24 c-14
14 -26 20 -26 15 0 -5 -4 -3 -9 5 -5 7 -14 12 -21 9 -9 -3 -8 -8 4 -20 21 -22
22 -46 1 -28 -8 6 -46 12 -86 13 -66 1 -70 2 -38 11 l34 10 -33 4 c-37 4 -34
22 4 22 13 0 24 5 24 11 0 8 -15 9 -47 5 -64 -9 -32 12 35 24 l47 8 -57 1
c-31 0 -59 5 -63 10 -3 5 9 21 27 35 l33 26 -37 0 c-21 0 -38 5 -38 10 0 6 19
10 43 10 23 0 49 5 57 10 11 7 5 10 -25 10 -27 0 -35 3 -26 9 7 5 10 14 7 20
-5 7 6 11 31 12 23 1 29 3 16 6 -13 2 -23 10 -23 18 0 8 -17 16 -40 20 -22 4
-42 10 -45 15 -5 8 52 20 99 20 43 0 27 9 -39 21 -33 6 -68 17 -79 25 -11 8
-34 15 -51 15 l-30 1 30 8 c17 4 48 8 70 9 26 1 35 4 27 10 -10 6 -7 10 13 15
14 4 30 4 36 1 5 -4 8 -1 7 6 -2 8 11 16 32 19 l35 6 -25 13 c-23 13 -24 15
-5 22 11 4 14 8 8 8 -7 1 -13 8 -13 17 0 8 -3 13 -7 11 -5 -3 -15 2 -23 11
-16 18 -19 18 51 -12 l36 -15 -5 25 c-2 13 -8 27 -13 30 -5 3 -9 10 -9 16 0 7
12 1 28 -13 15 -14 36 -32 46 -40 18 -13 19 -12 13 4 -11 28 14 20 45 -15 28
-33 28 -33 22 -7 -8 35 11 45 30 17 18 -26 21 -13 6 29 l-10 28 23 -27 c30
-37 55 -37 51 0 l-4 27 13 -27 c7 -14 20 -35 29 -45 9 -10 21 -30 27 -43 9
-22 10 -20 11 20 1 44 1 45 15 20 l15 -25 -5 30 c-6 29 -5 29 14 -7 23 -41 43
-57 49 -40 7 22 22 1 23 -31 0 -18 3 -26 6 -19 7 18 23 4 23 -21 0 -20 0 -20
15 -1 14 19 14 19 15 -2 0 -11 11 -30 25 -42 19 -17 25 -18 25 -7 0 8 4 15 8
15 5 0 14 10 20 23 9 18 11 12 11 -40 1 -58 12 -81 24 -50 3 6 6 -7 6 -29 1
-23 7 -59 15 -80 7 -22 17 -69 22 -104 7 -59 8 -62 14 -30 6 30 8 32 15 15 39
-95 81 -172 111 -203 l36 -37 -22 55 c-12 30 -24 59 -26 64 -3 6 4 0 15 -13
12 -13 21 -32 21 -43 0 -17 3 -18 15 -8 12 10 16 9 22 -6 6 -15 8 -12 14 15 4
19 4 41 -1 50 -13 28 -32 85 -37 113 -3 15 -10 25 -17 22 -34 -13 -67 196 -46
291 6 27 5 42 -2 46 -7 4 -8 23 -4 52 4 28 3 48 -4 52 -6 4 -10 46 -9 108 1
56 5 91 9 77 5 -21 8 -17 14 25 4 28 11 55 14 60 4 6 13 26 19 45 l13 35 -5
-41 c-8 -66 8 -61 26 8 17 62 17 63 18 21 1 -42 15 -65 24 -41 3 7 6 -3 6 -22
l1 -35 30 50 c26 44 43 50 21 7 -13 -26 -23 -101 -10 -79 14 24 32 21 24 -4
-5 -15 -4 -19 4 -15 6 4 11 13 11 20 0 8 9 24 21 37 l20 24 -5 -25 c-2 -14 -7
-43 -11 -65 l-6 -40 20 40 c12 25 19 32 19 20 -1 -11 0 -42 0 -69 2 -47 3 -49
18 -30 15 19 15 19 11 -1 -3 -11 -8 -29 -13 -40 -6 -16 -3 -15 15 5 l22 25 -4
-25 c-2 -14 -8 -34 -12 -45 -7 -20 -6 -20 9 -1 9 11 19 17 22 13 4 -4 12 0 18
8 8 12 10 4 8 -35 -4 -47 7 -65 23 -40 12 20 26 10 15 -11 -15 -28 -4 -37 16
-13 15 19 16 19 9 -1 -20 -58 -18 -60 25 -20 l43 40 -25 -35 c-19 -27 -23 -43
-18 -70 5 -32 -1 -58 -33 -127 -6 -13 -7 -26 -4 -29 4 -4 -1 -13 -11 -20 -16
-13 -16 -13 0 -14 16 0 16 -3 -2 -35 -11 -20 -20 -45 -20 -56 0 -11 -7 -27
-15 -35 -16 -17 -18 -13 -15 30 1 18 -2 26 -9 22 -18 -11 -13 -85 8 -114 10
-15 22 -43 26 -62 7 -34 8 -34 17 -11 l9 25 29 -33 c18 -19 30 -43 30 -59 0
-19 3 -23 9 -13 6 9 11 10 15 2 4 -6 11 -9 16 -6 5 3 12 -11 16 -31 4 -20 9
-31 13 -26 8 14 40 9 51 -7 6 -11 9 -11 13 0 5 12 7 12 15 0 6 -8 17 -11 25
-8 19 7 37 -11 30 -32 -4 -13 -3 -13 5 -2 6 9 17 11 28 7 13 -5 10 2 -10 23
-17 17 -24 31 -18 31 19 0 14 25 -8 45 -11 10 -20 23 -20 28 0 6 14 -2 32 -19
18 -16 26 -21 19 -12 -7 9 -10 22 -6 28 3 5 2 10 -4 10 -6 0 -8 6 -5 14 3 8
-3 19 -15 26 -12 6 -21 17 -21 26 0 12 4 13 21 4 29 -16 33 -7 8 23 -11 15
-16 27 -10 27 6 0 21 -15 33 -33 13 -17 33 -33 46 -35 25 -4 27 5 7 32 -8 11
-15 29 -15 41 0 12 -3 24 -6 28 -12 12 -10 97 2 97 6 0 19 11 27 24 12 18 13
26 4 35 -9 9 -9 14 1 20 14 9 7 36 -16 63 -9 11 -15 42 -16 90 -1 61 -4 73
-18 76 -19 4 -24 18 -8 24 13 4 -10 80 -27 91 -7 4 -10 13 -7 21 3 7 -2 19
-10 26 -9 7 -13 16 -10 21 3 5 -2 9 -10 9 -10 0 -13 6 -9 17 5 13 2 15 -11 10
-15 -6 -17 -3 -13 13 4 14 -1 25 -14 33 -10 6 -19 18 -19 25 0 7 -7 15 -15 18
-8 4 -15 12 -15 20 0 8 -7 14 -15 14 -8 0 -15 5 -15 10 0 6 -7 10 -16 10 -8 0
-12 4 -9 10 3 6 -1 7 -9 4 -19 -7 -21 7 -3 25 10 10 9 11 -6 5 -13 -5 -16 -2
-11 10 5 12 2 15 -10 10 -19 -7 -21 7 -4 24 18 18 3 25 -23 12 -20 -11 -21
-10 -14 6 17 43 17 54 1 54 -22 0 -20 13 5 28 19 12 20 15 5 31 -9 10 -13 21
-9 26 8 8 -18 3 -51 -10 -16 -7 -17 -6 -6 15 10 18 9 24 -1 31 -10 6 -11 9 -1
9 6 0 12 5 12 12 0 6 -3 9 -6 5 -3 -3 -18 5 -32 19 -27 24 -52 32 -52 15 0 -5
-7 -11 -15 -15 -22 -8 -19 0 15 34 32 32 42 63 14 39 -9 -7 -33 -19 -53 -26
l-36 -12 45 39 c25 22 40 40 33 40 -6 0 -15 -4 -18 -10 -3 -5 -11 -10 -17 -10
-6 0 -4 8 5 18 10 10 17 25 17 33 0 8 5 20 12 27 8 8 9 12 1 12 -6 0 -18 -7
-27 -15 -8 -8 -23 -15 -33 -15 -16 1 -16 2 -3 13 8 7 21 20 29 30 12 15 12 17
-3 11 -21 -8 -20 4 5 45 25 41 19 52 -10 15 -12 -15 -31 -32 -44 -39 -12 -6
-35 -19 -52 -29 l-30 -18 32 28 c25 23 31 34 26 56 -7 37 -36 61 -62 53 -12
-3 -21 -11 -21 -16 0 -5 -8 -9 -17 -9 -15 1 -14 4 6 20 14 12 18 20 10 20 -8
1 -3 10 13 24 29 26 22 46 -16 46 -18 0 -18 1 2 18 11 9 29 22 39 28 10 7 15
15 10 20 -4 4 -13 2 -19 -4 -17 -17 -33 -15 -19 2 17 20 -8 16 -44 -8 -15 -10
-24 -13 -21 -7 4 6 28 23 54 38 34 20 42 29 29 31 -24 5 -75 32 -60 32 7 0 19
16 27 35 18 42 19 50 7 50 -21 0 -21 14 -1 20 17 5 21 13 17 31 -2 13 1 25 6
27 6 2 7 9 3 15 -5 8 -16 10 -29 6 -19 -6 -18 -4 5 17 14 13 29 37 32 52 6 27
5 27 -16 16 -18 -9 -16 -5 9 23 37 39 42 52 14 43 -23 -7 -39 14 -20 25 10 7
10 11 0 24 -12 14 -7 22 31 59 25 24 49 54 52 68 4 13 4 20 -1 14 -15 -18 -57
-50 -49 -37 4 6 2 12 -3 12 -6 0 -11 7 -11 15 0 8 -6 12 -14 9 -8 -3 -25 3
-37 15 -17 15 -26 18 -41 10 -19 -10 -48 8 -48 30 0 18 -20 13 -27 -6 -4 -10
-15 -25 -24 -33 -10 -8 -20 -26 -24 -40 -6 -23 -5 -24 8 -7 14 17 15 16 20 -3
3 -11 1 -20 -3 -20 -5 0 -10 -10 -12 -22 -2 -12 -10 -23 -18 -25 -13 -4 -13
-3 0 7 13 10 13 11 0 7 -8 -2 -14 -10 -12 -17 4 -16 -31 -42 -39 -28 -4 5 -9
3 -12 -5 -6 -16 7 -16 56 -1 21 6 20 5 -4 -22 -25 -28 -35 -64 -17 -64 13 0 9
-17 -9 -35 -14 -14 -14 -18 -2 -25 11 -7 8 -16 -16 -41 -17 -18 -39 -41 -50
-50 -20 -18 -20 -18 2 -12 13 3 23 9 23 14 0 5 7 9 15 9 8 0 15 5 15 10 0 6 5
10 10 10 15 0 12 -26 -5 -40 -8 -7 -15 -17 -15 -23 0 -5 8 -3 18 5 9 8 23 18
30 23 27 15 -7 -32 -45 -64 -26 -22 -32 -31 -20 -31 9 0 27 10 39 22 13 13 29
21 36 20 8 -2 19 3 25 11 24 28 117 98 117 88 0 -6 -3 -11 -7 -11 -5 0 -31
-21 -58 -48 -28 -26 -65 -58 -83 -71 -18 -13 -30 -26 -27 -29 8 -8 -57 -62
-82 -68 -13 -4 -20 -10 -18 -15 10 -15 58 14 106 64 26 27 46 41 45 33 -3 -25
-117 -138 -162 -163 -40 -21 -41 -21 -39 -2 1 12 7 24 14 29 10 6 10 9 1 15
-9 6 -9 10 1 16 11 7 11 9 -2 9 -9 0 -22 -7 -29 -15 -7 -9 -21 -13 -31 -10
-10 3 -27 1 -38 -5 -73 -36 -67 -35 -75 -14 -3 8 -2 12 4 9 6 -3 7 1 4 10 -5
12 -9 13 -20 4 -11 -9 -14 -8 -14 2 0 9 -5 7 -11 -5 -9 -15 -13 -16 -20 -5 -6
10 -9 11 -9 2 0 -7 -6 -13 -14 -13 -7 0 -21 -10 -29 -22 l-16 -23 6 22 c3 13
-2 38 -11 57 -27 58 -18 141 16 141 9 0 13 13 12 38 -1 31 1 35 12 26 11 -9
14 -6 14 15 0 23 3 26 20 21 15 -5 22 0 30 20 5 14 10 38 10 51 0 14 4 22 10
19 6 -4 10 7 10 27 0 22 3 28 9 20 11 -17 20 6 22 51 1 18 3 24 6 15 9 -35 21
-17 27 42 4 33 11 62 16 65 14 8 44 75 37 81 -3 3 1 24 9 46 8 22 14 56 14 74
0 37 27 114 40 114 5 0 11 -8 13 -17 3 -12 7 -8 12 15 4 17 14 32 21 32 8 0
14 10 14 23 0 13 12 30 30 42 17 11 33 30 36 42 6 21 44 40 44 22 0 -6 8 -5
20 1 11 6 20 19 20 30 0 36 30 10 41 -36 6 -24 15 -41 19 -39 20 12 20 -18 1
-49 -12 -18 -21 -35 -21 -38 0 -2 17 -2 38 -1 30 3 34 2 20 -7 -23 -14 -23
-39 -1 -35 10 2 19 4 21 5 1 2 8 3 15 4 15 2 12 45 -9 136 -8 36 -20 88 -26
115 -6 28 -17 68 -26 90 -19 46 -53 86 -60 67 -2 -8 -10 -5 -21 9 -15 19 -18
19 -30 6 -7 -9 -18 -14 -25 -11 -17 6 -96 -73 -96 -97 0 -6 -5 -20 -11 -31 -9
-17 -13 -18 -20 -7 -6 10 -10 5 -15 -18 -4 -22 -13 -33 -30 -37 -16 -4 -31
-21 -44 -51 -11 -24 -20 -48 -20 -53 0 -5 -9 -21 -20 -35 -12 -15 -22 -47 -25
-78 -6 -56 -15 -79 -15 -38 l-1 24 -14 -25 c-7 -14 -19 -51 -27 -84 -7 -32
-18 -61 -25 -63 -7 -3 -13 -16 -13 -29 0 -13 -4 -24 -10 -24 -5 0 -10 -7 -10
-15 0 -8 -4 -15 -10 -15 -5 0 -10 -18 -10 -40 0 -22 -4 -40 -10 -40 -5 0 -10
-7 -10 -15 0 -8 -6 -14 -12 -12 -7 1 -14 -8 -16 -20 -2 -13 -7 -23 -12 -23 -5
0 -12 -9 -15 -20 -3 -11 -12 -20 -18 -20 -7 0 -18 -14 -24 -31 -9 -22 -17 -30
-27 -26 -12 5 -17 -5 -22 -44 -5 -33 -10 -46 -15 -37 -7 10 -9 8 -9 -7 0 -18
-1 -18 -16 3 -15 22 -37 21 -32 -1 3 -20 -13 -58 -23 -52 -5 4 -9 18 -10 33 0
25 -1 25 -9 6 -5 -12 -12 -42 -15 -68 -7 -46 -25 -65 -25 -26 0 11 -4 20 -10
20 -5 0 -9 -3 -9 -7 1 -5 1 -29 0 -55 -1 -40 -4 -47 -21 -45 -11 1 -20 7 -20
14 0 25 -30 13 -36 -14 -10 -47 -12 -49 -13 -15 -1 17 -5 32 -11 32 -5 0 -10
-4 -10 -10 0 -14 -27 -12 -33 3 -3 6 -6 2 -6 -10 -1 -12 -6 -25 -11 -28 -6 -4
-9 -2 -8 3 2 6 -1 10 -7 10 -5 0 -9 -4 -8 -9 7 -23 -9 -6 -22 24 -8 17 -14 25
-15 17 0 -8 -9 -26 -20 -40 l-20 -25 0 38 c0 59 -17 43 -25 -25 -5 -35 -10
-52 -12 -38 -9 61 -13 68 -33 63 -14 -4 -21 1 -26 21 -3 15 -9 24 -13 21 -3
-4 -11 13 -17 37 -9 33 -13 37 -14 18 -1 -14 -2 -29 -1 -35 1 -5 -5 -2 -12 7
-8 10 -17 15 -20 11 -4 -3 -7 19 -7 50 0 43 -4 57 -14 57 -8 0 -17 -6 -19 -12
-3 -7 -6 -2 -6 12 -1 20 -3 22 -11 10 -8 -13 -10 -12 -10 3 0 10 -4 16 -9 13
-5 -3 -18 9 -29 26 -18 27 -22 30 -28 15 -7 -20 -26 -23 -23 -4 1 6 1 21 0 31
-1 18 -2 18 -19 3 -20 -18 -37 -23 -28 -8 9 13 -4 41 -18 41 -7 0 -19 12 -26
28 -11 22 -14 24 -17 10 -3 -10 -9 -18 -14 -18 -5 0 -9 8 -9 18 0 13 -2 14 -9
4 -6 -9 -12 1 -20 33 -9 34 -16 45 -26 41 -8 -3 -15 0 -15 7 0 18 -36 47 -46
37 -5 -5 -20 7 -34 25 -15 21 -34 35 -47 35 -15 0 -26 12 -40 45 -10 25 -21
45 -25 45 -12 0 -20 -39 -13 -62 7 -23 7 -23 -9 -3 -8 11 -16 32 -16 47 0 27
-21 50 -27 31 -2 -6 -12 -9 -23 -6 -12 3 -20 -1 -22 -14 -2 -10 -8 8 -12 40
-7 57 -8 58 -27 41 -15 -13 -19 -14 -19 -3 0 11 -2 11 -11 -1 -8 -11 -9 -4 -6
30 3 25 1 54 -3 65 -8 18 -9 17 -9 -7 -1 -15 -6 -39 -12 -55 l-12 -28 -7 25
c-5 14 -8 19 -9 12 -1 -8 -6 -12 -13 -10 -7 3 -11 30 -10 79 1 49 -2 67 -7 54
-5 -11 -7 -33 -5 -50 3 -27 3 -27 -4 -5 -5 17 -10 21 -16 12 -13 -21 -26 -3
-26 35 0 27 -3 34 -15 30 -10 -5 -16 4 -21 31 l-7 37 -12 -40 -11 -40 -8 35
c-23 110 -18 126 34 113 19 -5 36 -15 38 -22 4 -11 -4 -13 -37 -7 -39 6 -41 5
-41 -20 0 -26 1 -26 25 -10 30 20 36 20 29 1 -5 -11 1 -15 20 -16 38 -2 44 -3
51 -11 10 -9 45 14 45 29 0 15 82 12 375 -14 224 -20 310 -20 330 1 13 12 34
14 113 10 126 -6 251 -21 280 -34 13 -5 32 -10 43 -10 16 0 19 6 17 36 -1 19
-5 37 -8 39 -4 2 -32 6 -63 8 -61 5 -102 25 -111 55 -4 11 -23 26 -44 35 -20
8 -65 27 -100 42 -57 24 -64 25 -84 11 -30 -21 -38 -20 -38 4 0 11 7 20 15 20
8 0 15 6 15 14 0 17 -33 31 -38 16 -13 -38 -64 -52 -81 -22 -6 9 -11 11 -11 5
0 -7 -8 -13 -17 -13 -15 0 -16 2 -3 10 11 7 12 12 3 21 -9 9 -5 19 19 43 l31
31 -44 11 c-42 11 -39 12 66 16 61 2 -712 5 -1717 6 l-1828 2 0 -380z m1215
360 c3 -5 2 -10 -4 -10 -5 0 -13 5 -16 10 -3 6 -2 10 4 10 5 0 13 -4 16 -10z
m-875 -10 c0 -5 5 -9 12 -7 17 3 50 -63 45 -90 -2 -13 1 -23 6 -23 7 0 8 -3 1
-10 -7 -7 -28 7 -64 42 -30 28 -45 46 -33 40 21 -12 21 -10 16 23 -4 23 -2 35
6 35 6 0 11 -4 11 -10z m840 -37 c12 -27 26 -56 31 -65 12 -22 11 -28 -1 -28
-5 0 -18 17 -29 38 -11 20 -20 31 -21 23 0 -8 -3 -11 -7 -7 -10 10 -12 86 -3
86 5 0 18 -21 30 -47z m-64 -46 c1 -12 9 -40 19 -61 9 -22 19 -56 22 -75 3
-20 10 -42 16 -48 6 -9 6 -13 -1 -13 -19 0 -19 -38 -1 -91 11 -30 18 -57 17
-61 -2 -4 -19 6 -38 22 -22 19 -31 33 -24 37 6 5 9 22 8 38 -1 17 -3 38 -3 47
-1 18 -41 61 -49 53 -3 -3 3 -14 12 -24 30 -33 13 -44 -21 -15 -27 22 -30 28
-19 40 12 11 11 19 -5 51 -11 22 -15 39 -9 41 5 2 10 15 10 28 l0 25 25 -28
26 -28 -21 43 -21 44 20 -7 c17 -5 20 -3 14 12 -5 15 -4 16 8 5 7 -7 14 -22
15 -35z m75 -72 c9 -24 13 -42 9 -40 -5 3 -11 -1 -13 -7 -3 -7 -6 -2 -7 12 0
14 -7 34 -15 44 -18 24 -19 36 -2 36 6 0 19 -20 28 -45z m-231 -4 c0 -10 9
-38 20 -62 11 -24 20 -38 20 -30 0 10 8 7 25 -9 14 -13 25 -28 25 -33 0 -5
-11 -2 -25 7 -26 17 -32 12 -16 -13 5 -7 13 -11 18 -8 5 3 15 2 23 -4 13 -7
12 -9 -2 -9 -22 0 -24 -16 -3 -23 15 -6 55 -77 55 -98 0 -8 -4 -8 -15 1 -8 7
-12 16 -9 21 3 5 -2 6 -10 3 -18 -7 -8 -33 27 -71 17 -20 18 -23 4 -23 -9 0
-21 9 -27 20 -6 11 -14 20 -19 20 -13 0 68 -162 97 -192 37 -40 21 -44 -20 -6
-20 18 -45 39 -56 47 -12 8 -19 18 -16 23 3 5 1 7 -4 6 -8 -3 -32 23 -135 150
-24 30 -36 54 -33 66 3 11 -4 35 -15 53 -30 48 -6 41 30 -9 30 -41 31 -41 31
-15 0 15 4 27 9 27 17 0 36 -33 33 -57 -4 -24 15 -83 28 -93 4 -3 14 -18 23
-35 9 -16 16 -25 17 -18 0 6 -9 28 -21 47 -12 20 -16 36 -10 36 23 0 10 43
-30 102 -41 60 -41 61 -25 89 10 16 13 29 9 29 -5 0 -9 8 -9 18 0 9 -4 27 -8
40 -5 13 -3 22 3 22 6 0 11 -9 11 -19z m-819 -48 c13 -16 12 -17 -3 -4 -10 7
-18 15 -18 17 0 8 8 3 21 -13z m279 -34 c0 -6 -4 -7 -10 -4 -5 3 -10 11 -10
16 0 6 5 7 10 4 6 -3 10 -11 10 -16z m679 -101 c-2 -28 -2 -29 -6 -8 -3 14
-10 28 -17 32 -7 5 -5 8 7 8 13 0 17 -8 16 -32z m-295 -63 c4 -14 11 -25 16
-25 6 0 10 -5 10 -11 0 -6 -7 -9 -15 -5 -20 7 -19 -4 2 -34 l17 -25 -22 19
c-31 27 -27 7 6 -29 15 -16 41 -51 57 -77 17 -27 33 -48 36 -48 4 0 17 -25 30
-56 21 -52 21 -58 6 -69 -15 -11 -15 -14 4 -33 14 -16 16 -22 6 -22 -17 0 -39
25 -61 69 -20 43 -20 45 1 36 12 -4 8 4 -10 23 -15 16 -29 38 -31 49 -3 11
-19 44 -38 74 -48 77 -69 127 -48 114 12 -7 12 2 1 30 -4 11 -3 25 3 32 16 18
23 16 30 -12z m203 0 c0 -17 -13 -20 -21 -6 -4 5 0 12 6 14 7 3 13 6 14 6 0 1
1 -6 1 -14z m240 -12 c12 -18 12 -21 -1 -26 -10 -4 -13 -1 -9 9 3 7 1 14 -5
14 -5 0 -13 7 -16 16 -8 22 14 13 31 -13z m-537 -73 c22 -43 24 -50 12 -50 -8
0 -42 68 -42 83 0 16 11 4 30 -33z m-24 -79 c8 -24 13 -45 11 -47 -7 -8 -75
72 -81 96 -7 24 -6 24 9 -2 16 -29 41 -39 31 -13 -3 8 -2 23 2 33 6 15 7 15
10 -3 2 -11 10 -40 18 -64z m294 23 c0 -8 5 -14 10 -14 6 0 10 -10 10 -22 -1
-22 -1 -22 -25 5 -14 15 -25 25 -25 21 0 -4 -3 -5 -6 -1 -8 8 19 36 29 30 4
-2 7 -11 7 -19z m-104 -161 c-4 -5 -14 1 -22 11 -21 30 -17 39 8 16 12 -11 18
-23 14 -27z m2154 21 c0 -8 -4 -12 -10 -9 -5 3 -10 10 -10 16 0 5 5 9 10 9 6
0 10 -7 10 -16z m-2204 -55 c13 -37 11 -45 -5 -34 -6 3 -11 17 -11 31 0 13 -4
24 -10 24 -5 0 -10 5 -10 11 0 23 26 1 36 -32z m-76 -34 c20 -24 6 -28 -15 -5
-10 11 -13 20 -8 20 6 0 16 -7 23 -15z m-392 -81 c2 -29 -13 -25 -21 6 -3 12
0 20 7 20 6 0 13 -11 14 -26z m673 9 c13 -16 12 -17 -3 -4 -10 7 -18 15 -18
17 0 8 8 3 21 -13z m-716 -3 c3 -5 1 -10 -4 -10 -6 0 -11 5 -11 10 0 6 2 10 4
10 3 0 8 -4 11 -10z m28 -40 c26 -31 20 -52 -9 -32 -14 9 -28 52 -17 52 5 0
16 -9 26 -20z m2106 -51 c1 11 4 11 16 1 12 -10 15 -10 15 4 0 21 16 20 29 -1
6 -10 11 -12 11 -5 0 20 27 14 33 -8 8 -29 27 -24 28 8 l1 27 10 -27 c12 -34
21 -35 36 -5 9 18 10 13 5 -27 -5 -36 -3 -47 5 -42 7 4 12 15 12 24 0 15 2 15
10 2 5 -8 7 -30 4 -47 -4 -21 -2 -33 5 -33 6 0 11 6 11 14 0 8 5 18 12 22 7 4
8 3 4 -5 -13 -20 3 -64 19 -57 10 4 15 -1 15 -14 0 -33 16 -23 27 18 9 33 11
34 12 10 0 -16 6 -28 11 -28 6 0 10 -9 10 -21 0 -11 4 -18 9 -14 6 3 15 -4 21
-15 6 -11 15 -18 21 -15 5 4 9 -1 9 -9 0 -9 5 -16 10 -16 6 0 10 -14 10 -31 0
-20 4 -28 12 -23 8 5 9 1 5 -14 -4 -12 -10 -31 -13 -42 -4 -14 -2 -20 9 -20 9
0 19 9 22 20 11 34 28 23 20 -12 -4 -18 -8 -52 -9 -75 -2 -36 -1 -40 10 -25
12 15 14 11 15 -28 1 -25 0 -54 -1 -64 -1 -14 3 -17 15 -12 14 5 16 2 11 -20
-4 -14 -3 -23 2 -20 12 7 8 -53 -6 -87 -17 -40 -14 -47 4 -14 21 38 28 29 9
-11 -13 -26 -14 -34 -3 -51 7 -12 16 -21 20 -21 10 0 20 38 13 50 -3 5 0 10 8
10 16 0 27 -29 27 -74 0 -25 2 -27 17 -15 15 13 15 12 5 -8 -17 -30 -15 -41 3
-17 24 32 17 5 -14 -50 -29 -53 -49 -122 -31 -111 11 7 14 -34 4 -58 -4 -11
-13 -13 -40 -7 -32 7 -34 6 -35 -19 -1 -14 -6 6 -13 44 -10 61 -14 70 -33 73
-21 3 -23 8 -23 75 0 64 -1 69 -14 51 -13 -17 -14 -8 -11 77 1 53 6 106 10
118 3 11 2 21 -2 21 -14 0 -32 -21 -29 -34 2 -6 1 -8 -1 -3 -10 16 -22 5 -34
-28 -11 -30 -14 -32 -25 -17 -12 17 -6 122 10 167 4 11 0 7 -9 -8 -18 -31 -42
-28 -25 3 5 10 10 26 10 34 0 29 -18 16 -31 -21 l-13 -38 -6 29 c-7 39 -23 39
-32 1 l-7 -30 1 35 c0 19 0 44 -1 54 -1 20 -1 20 -16 0 -13 -18 -14 -17 -15
19 0 36 13 50 23 25 4 -8 6 -7 6 3 1 9 -5 19 -13 22 -8 3 -16 18 -18 34 -4 25
-5 26 -12 8 -9 -25 -22 -51 -42 -88 -25 -45 -28 -24 -4 23 30 59 23 84 -13 45
-15 -16 -27 -37 -27 -45 -1 -12 -4 -11 -15 4 -18 24 -19 66 -4 100 8 16 8 33
1 53 l-9 28 -13 -27 c-7 -16 -17 -28 -21 -28 -4 0 -11 -15 -15 -32 l-7 -33
-12 34 c-9 27 -13 31 -18 18 -3 -9 -12 -15 -19 -12 -16 6 -68 -39 -68 -59 0
-23 -34 -76 -49 -76 -10 0 -12 -9 -6 -36 5 -27 3 -34 -6 -28 -9 5 -10 2 -6
-10 4 -10 1 -24 -8 -32 -17 -17 -22 -182 -7 -212 5 -9 6 -28 1 -42 -4 -14 -8
-20 -8 -15 -1 6 -6 3 -11 -5 -5 -8 -10 -42 -10 -74 0 -55 1 -58 15 -40 18 24
19 6 3 -47 -9 -31 -8 -52 2 -97 8 -31 15 -49 18 -39 5 25 22 21 22 -6 0 -13 9
-52 21 -87 13 -41 17 -66 10 -73 -12 -12 9 -36 26 -30 9 3 13 -4 13 -23 0 -43
10 -22 15 32 2 27 5 58 6 69 1 11 5 -9 9 -45 6 -66 -2 -196 -14 -208 -12 -11
-26 22 -21 48 4 19 3 21 -5 10 -5 -8 -10 -13 -10 -10 -1 3 -3 24 -5 47 -4 53
-14 83 -26 83 -5 0 -9 7 -9 17 0 9 -3 13 -7 10 -3 -4 -16 1 -27 11 -12 11 -28
22 -37 25 -14 5 -15 1 -2 -35 8 -23 18 -49 24 -60 6 -11 6 -18 0 -18 -5 0 -12
6 -15 13 -3 6 -2 -8 1 -32 6 -42 5 -43 -16 -32 -17 9 -21 9 -19 -1 3 -15 -40
-18 -59 -4 -8 5 -13 5 -13 -1 0 -14 39 -47 46 -40 4 3 26 -20 49 -51 50 -65
95 -111 95 -94 0 7 11 5 30 -6 16 -9 30 -20 30 -24 0 -5 5 -8 12 -8 6 0 2 10
-10 23 -12 13 -22 27 -22 33 0 5 5 2 10 -6 16 -25 40 9 43 60 3 64 30 83 42
30 4 -16 11 -30 16 -30 5 0 9 -7 9 -15 0 -33 23 -65 45 -61 17 3 27 -7 50 -50
29 -54 63 -77 46 -31 -6 15 -4 26 4 34 11 10 15 6 20 -19 6 -23 9 -27 17 -17
6 10 7 3 3 -18 -4 -19 -2 -33 3 -33 5 0 13 -11 16 -25 4 -14 11 -25 16 -25 6
0 10 -4 10 -10 0 -5 -6 -10 -13 -10 -22 0 -38 -22 -26 -36 8 -9 5 -11 -10 -7
-12 3 -21 1 -21 -6 0 -6 14 -14 30 -17 39 -8 38 -20 -2 -38 l-33 -14 30 -1
c28 -1 28 -2 12 -18 -14 -15 -21 -15 -37 -5 -27 17 -30 15 -26 -10 4 -24 5
-24 48 -14 26 6 26 5 14 -19 -16 -30 -54 -65 -71 -65 -18 0 -61 -37 -53 -45 3
-3 23 -2 43 4 30 8 35 7 25 -4 -6 -7 -22 -16 -35 -19 -14 -4 -25 -11 -25 -16
0 -6 -6 -10 -14 -10 -7 0 -21 -11 -30 -25 -15 -23 -15 -25 -1 -25 10 0 13 -5
8 -12 -4 -7 5 -5 20 5 14 9 28 17 30 17 2 0 3 -16 4 -35 1 -32 -2 -36 -38 -47
-41 -12 -73 -38 -48 -38 11 0 11 -2 -1 -10 -8 -5 -31 -9 -50 -9 -29 0 -32 2
-15 9 14 7 8 8 -20 4 -45 -6 -135 -33 -150 -44 -5 -4 -28 -13 -50 -20 -22 -7
-44 -16 -48 -20 -9 -8 90 5 117 16 12 5 17 4 13 -3 -4 -6 -20 -16 -37 -23 -16
-7 -30 -17 -30 -22 0 -5 -4 -6 -10 -3 -5 3 -10 1 -10 -6 0 -8 12 -9 38 -5 35
6 36 6 17 -10 -20 -16 -19 -16 5 -9 l25 7 -25 -18 c-14 -10 -31 -24 -38 -31
-7 -7 -18 -13 -24 -13 -5 0 -8 -7 -5 -15 4 -9 -8 -23 -36 -40 -49 -29 -49 -29
21 -11 45 12 51 12 42 1 -6 -8 -27 -19 -46 -25 -46 -15 -39 -21 10 -10 46 10
37 -3 -21 -32 -21 -10 -29 -15 -18 -12 11 4 34 9 50 12 l30 5 -27 -22 c-15
-12 -27 -27 -25 -33 1 -7 -15 -20 -35 -30 -20 -9 -48 -29 -62 -43 -29 -29 -73
-49 -129 -59 -27 -5 -37 -4 -32 3 3 6 14 11 23 11 10 0 27 7 39 15 12 8 27 13
35 10 7 -3 26 4 42 14 l29 20 -39 -5 c-21 -3 -47 -6 -56 -7 -9 -1 -14 -5 -12
-9 3 -4 -5 -12 -16 -18 -17 -9 -20 -8 -20 8 0 11 16 27 39 40 21 12 44 29 51
37 11 14 10 14 -14 5 -15 -5 -36 -10 -46 -10 -17 0 -17 2 -4 30 9 17 20 30 25
30 5 0 9 5 9 10 0 6 -14 4 -35 -4 -46 -19 -45 -4 1 25 30 18 34 23 20 31 -9 5
-26 6 -39 3 -20 -6 -20 -4 6 19 15 14 27 27 27 29 0 2 -12 3 -27 0 -28 -3 -28
-3 -5 9 15 7 22 18 19 29 -5 18 10 37 48 64 19 13 19 14 -5 8 -25 -5 -25 -5
-5 12 17 14 17 16 3 11 -10 -3 -18 -1 -18 3 0 11 25 21 50 21 9 0 23 6 29 13
6 8 30 19 53 27 24 7 52 19 63 27 19 14 18 15 -12 9 -18 -3 -50 -17 -73 -31
-26 -17 -54 -25 -82 -25 -33 0 -40 3 -28 11 12 9 11 10 -7 6 -13 -3 -23 -2
-23 2 0 5 10 13 23 19 20 11 20 11 -7 5 -19 -4 -27 -2 -22 5 3 6 1 12 -6 14
-6 2 18 19 54 37 67 34 81 60 34 62 -18 1 -16 3 9 14 17 7 38 22 48 33 17 19
17 20 -4 25 -34 9 -16 30 37 43 39 9 45 13 30 19 -15 7 -8 12 35 26 30 9 45
18 34 18 -18 2 -18 3 5 16 21 12 22 14 6 15 -19 0 -19 1 -1 20 15 16 26 19 53
14 25 -5 33 -3 28 5 -5 8 7 11 39 11 50 0 53 14 5 25 -17 4 -28 11 -25 16 4 5
-12 27 -35 49 -39 38 -58 51 -45 30 3 -5 2 -10 -4 -10 -5 0 -13 5 -16 10 -3 6
-18 7 -32 4 -18 -5 -24 -3 -19 4 8 13 -16 26 -81 42 -42 10 -52 32 -24 49 9 6
5 10 -13 15 -14 3 -26 13 -26 20 0 8 -6 17 -12 20 -10 5 -10 7 0 12 10 5 6 14
-14 35 -15 16 -23 29 -17 29 23 0 18 36 -7 60 -15 14 -30 33 -33 44 -6 15 -4
17 14 13 20 -5 19 -3 -7 24 -15 16 -22 29 -16 29 7 0 12 5 12 10 0 6 -10 10
-22 10 -19 1 -20 2 -7 10 13 8 15 18 9 50 -4 22 -4 43 0 45 5 3 11 28 15 55 4
28 11 50 16 50 4 0 6 7 3 15 -3 8 -1 29 5 48 8 23 8 42 2 60 -6 16 -7 27 0 29
5 2 15 31 21 66 6 34 15 62 20 62 4 0 8 -6 8 -12 0 -9 4 -8 10 2 5 8 7 23 4
32 -4 12 -1 16 8 13 10 -4 13 10 13 57 0 40 6 75 18 97 9 19 17 42 17 52 0 10
5 21 10 24 6 3 10 23 10 43 0 28 3 33 12 24 19 -19 24 -15 37 31 7 23 18 53
23 67 6 14 10 57 10 95 -1 43 2 63 7 51 7 -19 8 -18 14 5 4 13 7 42 7 64 0 42
15 39 22 -5 3 -17 8 -7 16 35 7 33 14 67 16 75 3 8 5 21 5 29 1 7 7 11 16 7
12 -4 15 5 15 50 0 34 4 53 10 49 6 -3 10 -22 10 -41 0 -19 5 -34 10 -34 6 0
10 19 11 43 0 28 3 36 8 23 6 -15 9 -11 19 21 7 22 12 47 12 56 0 9 5 28 11
44 l11 28 13 -35 c8 -19 14 -29 14 -21z m-2100 -26 c43 -38 39 -50 -4 -16 -19
15 -35 31 -35 36 0 12 6 9 39 -20z m592 -20 c13 -16 12 -17 -3 -4 -10 7 -18
15 -18 17 0 8 8 3 21 -13z m-51 -97 c0 -5 -11 1 -25 14 -14 13 -25 27 -25 32
0 4 11 -2 25 -14 14 -12 25 -26 25 -32z m-805 -156 c-4 -6 6 -10 24 -10 16 0
42 -10 58 -23 15 -13 43 -29 61 -36 17 -8 32 -18 32 -23 0 -5 17 -25 38 -44
l37 -36 -45 7 c-47 8 -96 47 -84 67 4 6 2 8 -3 5 -6 -4 -30 9 -54 28 -24 19
-52 35 -61 35 -9 0 -20 5 -23 10 -4 6 -11 8 -16 5 -5 -4 -9 -2 -9 4 0 10 17
19 38 20 7 1 10 -3 7 -9z m2973 -36 c-3 -14 -5 -12 -10 9 -3 19 -2 25 4 19 6
-6 8 -18 6 -28z m499 4 c-3 -7 -5 -2 -5 12 0 14 2 19 5 13 2 -7 2 -19 0 -25z
m-3517 -8 c8 -5 11 -10 5 -10 -5 0 -17 5 -25 10 -8 5 -10 10 -5 10 6 0 17 -5
25 -10z m420 -5 c7 -8 8 -15 2 -15 -5 0 -15 7 -22 15 -7 8 -8 15 -2 15 5 0 15
-7 22 -15z m3485 -55 c-5 -23 -10 -29 -18 -21 -8 8 -7 18 3 36 17 32 24 25 15
-15z m-615 -36 c0 -2 -7 -4 -15 -4 -8 0 -15 4 -15 10 0 5 7 7 15 4 8 -4 15 -8
15 -10z m1295 6 c-3 -5 -11 -10 -16 -10 -6 0 -7 5 -4 10 3 6 11 10 16 10 6 0
7 -4 4 -10z m-4075 -39 c0 -11 -5 -10 -20 4 -11 10 -20 22 -20 27 0 4 9 3 20
-4 11 -7 20 -19 20 -27z m-67 9 c5 -4 -3 -5 -17 -3 -15 3 -29 10 -32 15 -7 11
36 1 49 -12z m-97 -16 c19 -15 19 -16 -1 -9 -11 4 -25 8 -32 8 -7 0 -10 4 -7
9 8 12 18 10 40 -8z m-77 -9 c16 -8 31 -12 35 -10 3 3 3 0 -2 -5 -9 -11 -82 8
-82 22 0 12 17 10 49 -7z m-18 -31 c35 -14 71 -32 79 -39 8 -7 22 -14 29 -17
12 -4 12 -5 -1 -11 -9 -3 -27 2 -40 12 -26 21 -123 38 -112 20 4 -8 -1 -9 -17
-4 -13 4 -26 9 -28 11 -7 6 11 24 26 24 13 0 13 3 3 15 -16 20 -14 19 61 -11z
m538 -55 c18 -11 31 -23 28 -26 -6 -5 -77 34 -77 43 0 9 16 3 49 -17z m3510
-6 c0 -5 -4 -17 -9 -28 -8 -18 -9 -17 -9 8 -1 15 4 27 9 27 6 0 10 -3 9 -7z
m-3538 -23 c17 -13 19 -19 9 -19 -16 0 -50 22 -50 33 0 12 18 6 41 -14z m3619
-33 c0 -41 13 -42 23 -2 3 11 5 -6 4 -37 -2 -61 -12 -75 -23 -33 -3 14 -10 25
-15 25 -5 0 -9 23 -9 51 0 31 4 48 10 44 6 -3 10 -25 10 -48z m-3705 -36 c22
-18 30 -28 18 -22 -31 16 -29 -3 2 -23 14 -9 25 -24 25 -34 0 -10 -3 -13 -8
-7 -4 6 -20 16 -37 24 -16 7 -38 18 -48 23 -26 13 -36 -1 -13 -18 11 -8 15
-14 9 -14 -6 0 -16 7 -23 15 -7 8 -16 12 -21 9 -5 -3 -9 0 -9 6 0 6 -11 16
-25 22 -14 6 -25 15 -25 20 0 5 9 4 20 -2 14 -8 20 -8 20 0 0 7 6 10 13 8 6
-3 12 -10 12 -15 0 -6 3 -15 8 -19 4 -4 7 -2 7 4 0 7 8 12 18 12 15 1 15 2 -3
16 -11 8 -19 20 -17 25 1 6 -2 8 -7 5 -5 -3 -16 -3 -25 0 -13 5 -13 9 6 23 20
17 22 16 42 -3 11 -12 39 -36 61 -55z m-445 53 c0 -2 -7 -4 -15 -4 -8 0 -15 4
-15 10 0 5 7 7 15 4 8 -4 15 -8 15 -10z m4000 6 c0 -5 -4 -10 -10 -10 -5 0
-10 5 -10 10 0 6 5 10 10 10 6 0 10 -4 10 -10z m87 -27 c-3 -10 -5 -4 -5 12 0
17 2 24 5 18 2 -7 2 -21 0 -30z m753 28 c0 -5 -7 -11 -14 -14 -10 -4 -13 -1
-9 9 6 15 23 19 23 5z m-618 -46 c-6 -34 -12 -32 -12 6 0 16 4 28 9 25 4 -3 6
-17 3 -31z m96 -16 c0 -27 -3 -60 -7 -72 -9 -21 -9 -21 -16 6 -9 33 5 117 19
117 1 0 3 -23 4 -51z m-1838 37 c0 -3 -4 -8 -10 -11 -5 -3 -10 -1 -10 4 0 6 5
11 10 11 6 0 10 -2 10 -4z m1770 -66 c-7 -22 -15 -38 -18 -36 -2 3 -1 26 3 52
5 33 10 43 17 36 8 -8 8 -23 -2 -52z m595 50 c-3 -5 -13 -10 -21 -10 -8 0 -12
5 -9 10 3 6 13 10 21 10 8 0 12 -4 9 -10z m-778 -42 c-3 -7 -5 -2 -5 12 0 14
2 19 5 13 2 -7 2 -19 0 -25z m838 -16 c-3 -3 -11 0 -18 7 -9 10 -8 11 6 5 10
-3 15 -9 12 -12z m-4516 -63 c35 -16 72 -29 82 -29 10 0 21 -4 24 -10 3 -5 14
-10 24 -10 9 0 26 -7 37 -15 18 -13 16 -14 -24 -15 -24 0 -41 4 -38 9 4 5 -2
7 -12 4 -21 -5 -79 23 -60 30 7 2 -7 10 -32 17 -25 6 -49 15 -55 18 -5 4 -20
5 -32 3 -13 -1 -23 2 -23 8 0 6 -7 11 -15 11 -8 0 -15 4 -15 9 0 16 71 0 139
-30z m4010 5 c-10 -23 -13 -25 -16 -11 -3 10 1 25 8 33 17 21 21 11 8 -22z
m-3880 -126 c41 -22 61 -48 37 -48 -7 0 -19 7 -27 16 -7 8 -29 24 -48 34 -20
11 -29 19 -19 20 9 0 34 -10 57 -22z m3471 -45 c0 -7 -4 -13 -9 -13 -5 0 -11
6 -14 13 -3 8 1 14 9 14 8 0 14 -6 14 -14z m-20 -62 c-1 -13 -29 45 -29 59 0
8 6 0 14 -19 8 -18 15 -36 15 -40z m-3163 23 c-3 -3 -12 -4 -19 -1 -8 3 -5 6
6 6 11 1 17 -2 13 -5z m-227 -14 c8 -5 11 -10 5 -10 -5 0 -17 5 -25 10 -8 5
-10 10 -5 10 6 0 17 -5 25 -10z m2210 6 c0 -3 -4 -8 -10 -11 -5 -3 -10 -1 -10
4 0 6 5 11 10 11 6 0 10 -2 10 -4z m-2181 -52 c10 -9 -35 -3 -49 6 -11 8 -7 9
15 4 17 -4 32 -8 34 -10z m-64 -14 c3 -5 -1 -10 -9 -10 -8 0 -18 5 -21 10 -3
6 1 10 9 10 8 0 18 -4 21 -10z m-685 -97 c11 -10 20 -20 20 -24 0 -11 -108
-10 -115 1 -3 6 5 10 19 10 29 0 35 16 9 23 -10 3 -3 5 14 6 18 0 42 -7 53
-16z m4857 -35 c-3 -8 -6 -5 -6 6 -1 11 2 17 5 13 3 -3 4 -12 1 -19z m-4510
-94 c-3 -3 -12 -4 -19 -1 -8 3 -5 6 6 6 11 1 17 -2 13 -5z m1220 0 c-3 -3 -12
-4 -19 -1 -8 3 -5 6 6 6 11 1 17 -2 13 -5z m-1162 -34 c-27 -12 -35 -12 -35 0
0 6 12 10 28 9 24 0 25 -1 7 -9z m-300 -10 c-3 -5 -14 -10 -23 -9 -14 0 -13 2
3 9 27 11 27 11 20 0z m3085 -30 c0 -5 -4 -10 -10 -10 -5 0 -10 5 -10 10 0 6
5 10 10 10 6 0 10 -4 10 -10z m-1460 -20 c0 -5 -13 -10 -30 -10 -16 0 -30 5
-30 10 0 6 14 10 30 10 17 0 30 -4 30 -10z m1455 -49 c-4 -3 -15 4 -25 16 -9
12 -21 19 -24 15 -4 -3 -4 2 0 12 7 18 9 17 31 -9 13 -15 21 -30 18 -34z
m-2832 42 c-13 -2 -33 -2 -45 0 -13 2 -3 4 22 4 25 0 35 -2 23 -4z m2768 -30
c13 -15 12 -15 -11 -3 -34 17 -36 20 -18 20 9 0 22 -7 29 -17z m-51 -18 c7 -8
8 -15 2 -15 -5 0 -15 7 -22 15 -7 8 -8 15 -2 15 5 0 15 -7 22 -15z m-1340 -3
c0 -5 -10 -14 -22 -20 -20 -9 -20 -11 -4 -11 15 -1 16 -4 6 -16 -15 -18 -5
-36 18 -29 14 5 15 4 2 -5 -8 -6 -11 -11 -5 -11 5 0 4 -5 -3 -12 -19 -19 -14
-37 14 -44 17 -4 22 -9 14 -14 -9 -6 -9 -9 0 -15 9 -6 6 -12 -11 -21 -21 -11
-22 -13 -6 -19 28 -11 19 -33 -18 -44 -35 -9 -77 -41 -55 -41 6 0 8 -4 5 -10
-3 -5 -25 -10 -48 -10 l-42 0 24 19 c16 12 20 21 12 25 -6 4 -11 2 -11 -4 0
-7 -8 -9 -20 -5 -10 3 -33 -1 -49 -9 -17 -9 -40 -16 -53 -15 -20 0 -19 2 10
17 18 9 35 26 38 39 4 13 10 23 16 23 5 0 6 5 2 12 -4 6 -3 8 3 5 5 -3 23 -2
39 3 28 8 28 9 7 15 -28 9 -30 25 -4 25 11 0 23 5 26 10 3 6 0 10 -8 10 -8 0
-14 8 -13 17 1 13 -9 20 -34 24 -28 5 -22 7 28 8 64 1 86 15 30 19 -42 3 -47
10 -12 17 16 4 40 12 54 18 l25 11 -27 4 c-37 5 -35 15 5 29 41 13 67 15 67 5z
m1587 2 c-3 -3 -12 -4 -19 -1 -8 3 -5 6 6 6 11 1 17 -2 13 -5z m-567 -38 c0
-2 -7 -9 -15 -16 -12 -10 -15 -10 -15 4 0 9 7 16 15 16 8 0 15 -2 15 -4z
m2620 -26 c-11 -16 -26 -33 -33 -37 -12 -7 0 11 32 50 23 28 24 20 1 -13z
m-5140 10 c13 -9 13 -10 0 -9 -8 0 -24 4 -35 9 l-20 9 20 0 c11 0 27 -4 35 -9z
m2745 0 c3 -5 2 -10 -4 -10 -5 0 -13 5 -16 10 -3 6 -2 10 4 10 5 0 13 -4 16
-10z m165 -10 c8 -5 11 -10 5 -10 -5 0 -17 5 -25 10 -8 5 -10 10 -5 10 6 0 17
-5 25 -10z m135 0 c3 -6 -1 -7 -9 -4 -18 7 -21 14 -7 14 6 0 13 -4 16 -10z
m-252 -7 c-7 -2 -19 -2 -25 0 -7 3 -2 5 12 5 14 0 19 -2 13 -5z m-18 -23 c4
-6 12 -7 18 -3 8 4 8 1 -1 -9 -7 -9 -21 -14 -32 -11 -24 6 -27 -12 -4 -21 9
-3 34 -7 57 -7 32 -2 35 -3 12 -6 -61 -7 -75 -13 -75 -33 0 -17 -7 -18 -76
-15 -79 4 -116 15 -49 15 31 0 35 2 26 14 -20 24 20 53 64 47 6 -1 -1 8 -14
19 l-23 20 45 0 c25 0 49 -5 52 -10z m145 -10 c0 -5 -6 -10 -14 -10 -8 0 -18
5 -21 10 -3 6 3 10 14 10 12 0 21 -4 21 -10z m40 0 c0 -5 -5 -10 -11 -10 -5 0
-7 5 -4 10 3 6 8 10 11 10 2 0 4 -4 4 -10z m-2743 -6 c-3 -3 -12 -4 -19 -1 -8
3 -5 6 6 6 11 1 17 -2 13 -5z m903 -3 c0 -8 -79 -3 -89 5 -2 2 17 4 42 4 26 0
47 -4 47 -9z m1863 -28 c50 -7 29 -23 -30 -23 -37 0 -43 3 -43 21 0 16 4 19
18 14 9 -4 34 -9 55 -12z m-1634 -9 c2 -2 -16 -4 -42 -4 -25 0 -49 4 -52 10
-6 9 83 3 94 -6z m-772 0 c-3 -3 -12 -4 -19 -1 -8 3 -5 6 6 6 11 1 17 -2 13
-5z m-37 -21 c110 -8 78 -21 -54 -22 -93 -1 -115 -10 -61 -24 11 -3 -27 -3
-85 0 -58 3 -109 9 -113 13 -5 4 35 11 88 15 69 5 98 12 102 22 3 8 12 12 22
8 9 -4 54 -9 101 -12z m730 -3 c12 -8 12 -10 -5 -9 -11 0 -29 4 -40 9 -18 8
-18 9 5 9 14 0 32 -4 40 -9z m900 -27 c0 -7 -4 -13 -10 -13 -5 0 -10 12 -10
28 0 21 2 24 10 12 5 -8 10 -21 10 -27z m827 11 c-3 -3 -22 -9 -41 -14 -28 -6
-36 -5 -36 6 0 10 13 14 42 14 23 0 39 -3 35 -6z m-1772 -14 c-3 -5 -11 -10
-16 -10 -6 0 -7 5 -4 10 3 6 11 10 16 10 6 0 7 -4 4 -10z m-262 -7 c-7 -2 -19
-2 -25 0 -7 3 -2 5 12 5 14 0 19 -2 13 -5z m-46 -9 c-3 -3 -12 -4 -19 -1 -8 3
-5 6 6 6 11 1 17 -2 13 -5z m1343 -9 c11 -13 10 -14 -4 -9 -9 3 -16 10 -16 15
0 13 6 11 20 -6z m430 2 c0 -6 22 -7 58 -3 39 4 52 3 42 -4 -8 -5 -32 -10 -52
-10 -20 0 -43 -6 -51 -14 -7 -8 -25 -16 -38 -18 -44 -6 -50 -23 -10 -28 l36
-6 -55 -13 c-40 -10 -55 -11 -58 -2 -2 6 -8 9 -13 5 -5 -3 -9 0 -9 6 0 6 11
15 25 20 14 5 25 14 25 20 0 6 4 8 10 5 5 -3 18 -1 27 4 15 9 14 11 -12 12
-16 1 -37 0 -45 -1 -23 -3 -2 14 31 25 39 13 89 15 89 2z m200 3 c-8 -5 -24
-9 -35 -9 l-20 0 20 9 c11 5 27 9 35 9 13 1 13 0 0 -9z m107 -6 c-3 -3 -12 -4
-19 -1 -8 3 -5 6 6 6 11 1 17 -2 13 -5z m-2047 -24 c0 -5 -12 -10 -27 -9 -25
0 -26 1 -8 9 27 12 35 12 35 0z m53 3 c-7 -2 -21 -2 -30 0 -10 3 -4 5 12 5 17
0 24 -2 18 -5z m1924 1 c-3 -3 -12 -4 -19 -1 -8 3 -5 6 6 6 11 1 17 -2 13 -5z
m-1814 -11 c-7 -2 -19 -2 -25 0 -7 3 -2 5 12 5 14 0 19 -2 13 -5z m1717 -8 c0
-13 -15 -17 -97 -29 -12 -2 -20 1 -17 5 3 5 13 9 23 9 9 0 26 7 37 15 25 19
54 19 54 0z m-1880 -25 c12 -8 9 -10 -12 -10 -15 0 -30 5 -33 10 -8 13 25 13
45 0z m546 -14 c-2 -14 1 -27 7 -30 7 -2 -4 -3 -23 0 -26 3 -30 2 -15 -4 18
-8 16 -10 -12 -16 -60 -14 -29 -34 40 -27 34 4 16 -7 -45 -28 -67 -23 -105
-28 -78 -11 8 5 12 12 8 15 -8 9 -33 8 -123 -5 -106 -15 -264 -23 -245 -12 23
14 129 32 180 32 92 -1 124 1 134 9 6 4 24 8 39 9 35 2 49 10 42 23 -4 5 0 9
8 9 7 0 23 14 35 30 28 37 54 40 48 6z m-893 -13 c-7 -2 -19 -2 -25 0 -7 3 -2
5 12 5 14 0 19 -2 13 -5z m376 -9 c2 -2 -29 -4 -70 -3 -53 1 -67 3 -49 9 23 7
109 3 119 -6z m1998 -1 c-28 -14 -44 -13 -34 4 3 4 18 9 34 10 l28 1 -28 -15z
m-2422 -2 c-14 -12 -75 -22 -75 -11 0 10 23 17 60 19 14 1 20 -3 15 -8z m1798
-64 c-8 -15 -23 5 -23 31 l0 27 14 -25 c7 -14 11 -28 9 -33z m460 46 c-7 -2
-19 -2 -25 0 -7 3 -2 5 12 5 14 0 19 -2 13 -5z m130 -16 c34 -13 16 -22 -48
-23 -45 -1 -65 2 -62 10 2 6 20 12 40 14 20 2 37 9 37 15 0 8 3 9 8 1 4 -6 15
-13 25 -17z m-329 -19 c-27 -11 -50 -24 -52 -29 -2 -5 -13 -9 -25 -9 -18 0
-19 2 -7 10 8 5 15 15 15 21 0 16 63 37 94 31 21 -4 18 -7 -25 -24z m156 20
c0 -10 -19 -9 -45 2 -16 7 -14 9 13 7 17 -1 32 -5 32 -9z m-2220 -18 c0 -5 -7
-7 -15 -4 -8 4 -15 8 -15 10 0 2 7 4 15 4 8 0 15 -4 15 -10z m475 0 c-28 -12
-47 -12 -40 0 3 6 18 10 33 9 24 0 25 -1 7 -9z m-1260 -10 c4 -6 -8 -10 -29
-10 -20 0 -36 5 -36 10 0 6 13 10 29 10 17 0 33 -4 36 -10z m150 0 c7 -12 -19
-12 -55 0 -22 7 -21 8 12 9 20 1 40 -3 43 -9z m2750 -10 c-3 -5 -16 -10 -28
-10 -18 0 -19 2 -7 10 20 13 43 13 35 0z m35 -10 c0 -5 -2 -10 -4 -10 -3 0 -8
5 -11 10 -3 6 -1 10 4 10 6 0 11 -4 11 -10z m-2143 -16 c-3 -3 -12 -4 -19 -1
-8 3 -5 6 6 6 11 1 17 -2 13 -5z m908 -1 c-11 -3 -24 -9 -29 -14 -6 -5 -15 -9
-20 -9 -6 0 -2 7 8 15 11 8 29 14 40 14 20 -1 21 -1 1 -6z m-505 -12 c-42 -13
-185 -22 -175 -12 6 6 44 12 85 14 41 1 84 4 95 4 14 1 13 -1 -5 -6z m1605 -1
c3 -5 -3 -10 -15 -10 -12 0 -18 5 -15 10 3 6 10 10 15 10 5 0 12 -4 15 -10z
m-1300 -9 c-12 -11 -85 -26 -85 -17 0 10 41 25 70 25 15 1 20 -3 15 -8z m-522
-8 c-13 -2 -23 -9 -23 -14 0 -5 -9 -9 -20 -9 -11 0 -20 4 -20 10 0 5 6 7 14 4
8 -3 17 -1 21 5 3 6 16 10 28 10 22 -2 22 -2 0 -6z m34 -19 c-3 -3 -12 -4 -19
-1 -8 3 -5 6 6 6 11 1 17 -2 13 -5z m583 -4 c-14 -4 -37 -8 -52 -9 -15 -1 -33
-7 -40 -14 -15 -14 -98 -38 -98 -28 0 18 49 44 88 47 25 2 47 6 50 9 3 3 21 5
41 4 33 -1 34 -2 11 -9z m-233 -16 c-3 -3 -12 -4 -19 -1 -8 3 -5 6 6 6 11 1
17 -2 13 -5z m1698 -24 c-11 -5 -29 -8 -40 -8 -16 0 -15 2 5 8 34 11 60 11 35
0z m-1539 -15 c-11 -8 -28 -15 -39 -15 -10 0 -15 -4 -12 -10 3 -5 0 -10 -9
-10 -8 0 -21 -3 -30 -6 -9 -3 -16 -2 -16 3 0 13 80 53 105 53 20 -1 20 -1 1
-15z m-620 -2 c-40 -2 -78 -10 -90 -19 -20 -15 -20 -15 9 -8 29 6 29 6 10 -9
-11 -9 -30 -17 -42 -17 -26 0 -42 20 -16 21 11 0 7 5 -12 11 -26 10 -27 12
-10 18 11 4 65 7 120 7 76 -1 83 -2 31 -4z m209 -3 c4 -6 -14 -10 -47 -10 -38
0 -49 3 -38 10 20 13 77 13 85 0z m-414 -19 c-12 -8 -51 -4 -51 5 0 2 15 4 33
4 22 0 28 -3 18 -9z m479 -21 c-36 -12 -72 -12 -65 0 3 6 25 10 48 9 36 -1 38
-2 17 -9z m4140 0 c0 -5 -2 -10 -4 -10 -3 0 -8 5 -11 10 -3 6 -1 10 4 10 6 0
11 -4 11 -10z m-4237 -17 c-7 -2 -19 -2 -25 0 -7 3 -2 5 12 5 14 0 19 -2 13
-5z m402 -3 c-3 -5 -15 -10 -26 -10 -11 0 -17 5 -14 10 3 6 15 10 26 10 11 0
17 -4 14 -10z m-550 -10 c-11 -5 -36 -8 -55 -8 l-35 0 30 8 c17 4 41 8 55 8
23 1 23 0 5 -8z m520 -20 c-3 -4 -38 -11 -77 -15 -40 -4 -93 -15 -118 -25
l-44 -17 37 -5 c20 -2 58 2 84 9 27 7 74 15 106 18 32 3 61 6 65 6 4 1 21 0
37 -1 28 -2 28 -2 -10 -11 -21 -5 -42 -14 -45 -19 -7 -11 -131 -30 -157 -24
-10 2 -31 0 -48 -5 -34 -11 176 -7 230 4 l30 6 -25 -16 -25 -16 35 4 c35 4 73
-16 47 -26 -6 -3 4 -6 23 -7 l35 -1 -47 -15 c-27 -8 -48 -19 -48 -24 0 -13 -2
-13 61 8 30 11 70 21 89 25 33 5 32 4 -13 -16 -30 -13 -46 -26 -43 -34 3 -8
-12 -24 -37 -40 -45 -29 -36 -44 12 -20 26 13 32 13 42 1 10 -12 9 -13 -5 -8
-20 8 -35 -24 -16 -36 7 -4 10 -13 6 -19 -5 -7 -1 -9 8 -5 9 3 16 4 16 1 0 -8
-53 -40 -69 -42 -24 -2 -51 -16 -51 -26 0 -4 7 -6 15 -2 10 3 15 1 13 -7 -2
-8 6 -18 18 -24 l21 -11 -23 -20 c-21 -18 -21 -21 -6 -26 14 -5 11 -10 -15
-25 -47 -27 -52 -48 -8 -30 19 8 35 11 35 5 0 -5 -6 -9 -14 -9 -8 0 -13 -10
-13 -25 0 -14 -11 -34 -24 -46 -21 -18 -21 -20 -4 -14 11 4 29 10 40 12 20 5
20 5 0 -10 -16 -12 -17 -18 -7 -30 11 -12 8 -19 -14 -36 -15 -12 -29 -21 -33
-21 -3 0 -19 -11 -35 -25 -16 -14 -25 -25 -20 -25 6 0 14 4 19 9 25 23 113 69
108 55 -3 -8 -9 -14 -14 -14 -5 0 -17 -8 -27 -17 -10 -10 -44 -31 -75 -47 -31
-16 -57 -32 -57 -37 0 -12 62 11 85 31 29 26 125 83 130 78 3 -3 -33 -30 -79
-62 -71 -48 -102 -78 -96 -94 4 -10 -129 -112 -146 -112 -4 0 0 7 7 17 13 15
12 15 -8 5 -25 -14 -78 -80 -71 -88 3 -3 14 6 25 19 12 16 33 26 63 30 28 3
50 13 60 27 8 11 27 28 42 38 14 9 41 28 60 41 23 16 19 9 -17 -25 -27 -27
-49 -53 -47 -57 3 -12 -44 -56 -72 -67 -18 -6 -26 -5 -30 5 -3 9 0 12 8 9 7
-3 19 2 26 11 8 9 8 15 2 15 -6 0 -14 -5 -17 -10 -4 -6 -10 -8 -15 -5 -5 3
-21 -6 -37 -20 -24 -23 -25 -25 -5 -15 22 11 23 10 12 -9 -6 -12 -12 -21 -15
-21 -2 0 -11 -3 -21 -7 -12 -4 -15 -3 -10 5 11 19 1 14 -27 -12 -26 -25 -26
-25 -4 -28 19 -3 20 -5 7 -16 -74 -62 -162 -132 -167 -132 -3 0 0 7 7 15 7 8
10 21 7 29 -6 14 29 51 82 86 13 8 27 23 32 33 10 17 9 17 -23 1 l-33 -16 23
21 c12 12 22 28 22 37 0 8 7 17 15 20 8 4 15 12 15 20 0 7 10 19 23 25 32 17
117 109 101 109 -10 0 -89 -69 -146 -127 -20 -21 -40 -34 -45 -29 -4 5 -2 11
5 13 6 3 12 9 12 14 0 17 -20 9 -43 -17 -12 -15 -46 -40 -74 -56 -29 -16 -56
-34 -59 -40 -6 -9 -38 -24 -86 -38 -26 -8 -26 -7 -17 18 5 14 27 40 47 58 36
32 59 44 47 24 -3 -6 4 -10 17 -10 32 0 110 51 103 68 -2 7 0 10 5 7 10 -6 44
18 118 83 l37 33 -58 -32 c-32 -17 -60 -29 -63 -26 -3 3 3 12 15 19 12 7 21
17 21 21 0 5 -28 -7 -62 -26 -35 -19 -68 -32 -75 -30 -6 2 -14 0 -17 -6 -8
-12 -36 -3 -36 10 0 5 9 9 19 9 11 0 23 5 27 11 3 6 15 9 25 6 11 -3 25 0 32
7 7 7 18 15 25 17 8 3 6 8 -7 16 -15 9 -25 7 -52 -10 -19 -11 -43 -22 -54 -24
-11 -1 -4 5 15 15 36 19 120 73 120 77 0 6 -46 -8 -58 -18 -8 -6 -30 -10 -49
-9 -19 2 -40 -1 -47 -6 -21 -15 -86 -33 -96 -27 -14 9 7 35 27 35 9 0 13 6 9
15 -3 9 0 15 9 15 8 0 12 6 9 14 -4 11 4 18 28 24 18 5 35 5 38 1 3 -4 28 6
55 23 54 34 118 48 109 23 -5 -12 -1 -12 25 -2 20 7 26 14 18 19 -8 5 -5 9 8
13 32 11 65 28 65 34 0 4 -8 11 -18 17 -14 9 -41 0 -141 -47 -68 -33 -130 -59
-138 -59 -15 0 -45 -16 -82 -42 -30 -23 -52 -23 -44 -1 5 13 2 15 -15 11 -12
-4 -24 -2 -27 3 -3 4 -20 -1 -38 -11 -18 -11 -39 -20 -47 -20 -8 1 -2 8 13 16
16 9 27 18 24 20 -3 3 -19 -3 -36 -14 -17 -10 -29 -21 -26 -24 3 -3 -13 -13
-36 -22 -29 -12 -45 -14 -52 -7 -7 7 -7 11 -1 11 5 0 24 13 42 29 29 28 30 30
12 36 -11 3 -25 3 -32 -1 -9 -5 -10 -4 -3 4 6 6 21 12 35 14 14 1 23 7 22 12
-2 5 2 13 10 17 9 6 9 9 1 9 -6 0 -15 -4 -18 -10 -3 -5 -16 -10 -28 -10 -12
-1 -47 -9 -77 -20 -54 -18 -90 -17 -54 3 11 6 22 14 25 19 3 5 66 20 140 34
74 14 139 30 144 36 7 8 4 9 -10 4 -11 -5 -51 -12 -90 -17 -38 -5 -77 -11 -87
-15 -21 -6 -88 5 -88 16 0 4 39 9 88 12 48 2 96 10 107 17 19 12 19 12 -2 8
-13 -3 -23 -2 -23 3 0 12 144 42 182 38 l33 -3 -32 -15 c-18 -8 -33 -18 -33
-23 0 -4 8 -4 18 1 9 6 37 13 62 17 l45 8 -33 14 c-38 16 -33 38 7 30 14 -2
42 2 61 9 31 13 32 14 6 8 -26 -5 -28 -3 -17 10 8 9 19 16 26 16 11 0 86 21
135 37 8 3 26 7 40 8 30 3 84 24 79 30 -8 7 -227 -51 -293 -79 -55 -23 -146
-46 -146 -36 0 15 27 29 70 36 25 4 56 15 69 26 l24 18 -39 -4 c-21 -3 -66
-14 -98 -26 -36 -13 -62 -18 -68 -12 -6 6 5 12 28 17 42 7 109 39 119 55 9 15
-6 12 -45 -8 -44 -24 -97 -34 -105 -22 -3 6 2 10 12 11 10 0 0 6 -22 13 l-40
12 80 18 c107 24 118 29 70 34 l-40 4 40 13 40 13 -45 -5 c-25 -3 -52 -9 -61
-14 -8 -4 -35 -8 -59 -7 -40 0 -42 2 -25 14 17 13 15 14 -21 15 -21 1 -52 5
-69 9 l-30 7 40 7 c22 4 50 9 62 12 12 2 25 -1 28 -6 5 -8 11 -8 19 -1 7 6 45
11 86 12 53 1 68 4 56 11 -10 6 -37 8 -61 6 -24 -1 -41 0 -38 5 6 10 -6 9
-139 -14 -66 -11 -122 -19 -124 -17 -2 3 38 16 89 31 73 21 115 27 193 27 60
0 94 4 85 9 -11 7 -10 11 5 20 17 9 15 10 -13 11 -17 0 -44 5 -60 12 -15 6
-53 14 -83 18 l-55 7 61 2 c76 1 89 12 32 28 -42 11 -40 11 47 12 50 0 117 6
150 13 52 11 60 16 59 36 -1 18 5 23 38 28 70 12 33 14 -67 4 -55 -5 -101 -8
-102 -6 -2 2 0 11 3 21 6 16 16 17 90 11 63 -5 83 -3 87 7 4 11 145 46 242 60
30 4 75 -4 70 -13z m2485 10 c-8 -5 -22 -10 -30 -10 -13 0 -13 1 0 10 8 5 22
10 30 10 13 0 13 -1 0 -10z m-2828 -11 c-4 -4 -36 -12 -72 -19 -36 -6 -77 -13
-92 -17 -17 -3 -28 -1 -28 6 0 6 15 12 33 12 21 1 25 3 12 6 -11 3 -24 9 -30
14 -6 6 26 9 88 7 53 -1 94 -5 89 -9z m1968 -3 c0 -3 -4 -8 -10 -11 -5 -3 -10
-1 -10 4 0 6 5 11 10 11 6 0 10 -2 10 -4z m1075 -7 c16 -8 15 -8 -8 -4 -16 3
-35 1 -43 -6 -9 -7 -24 -8 -41 -3 l-28 8 35 6 c49 10 62 10 85 -1z m-3392 -46
c-13 -2 -33 -2 -45 0 -13 2 -3 4 22 4 25 0 35 -2 23 -4z m-80 -10 c-7 -2 -21
-2 -30 0 -10 3 -4 5 12 5 17 0 24 -2 18 -5z m3265 -9 c-11 -11 -25 -15 -43
-10 -36 9 -22 26 23 26 34 0 35 -1 20 -16z m21 -20 c-17 -21 -69 -47 -77 -39
-9 9 28 35 49 35 10 0 21 5 24 10 3 6 9 10 12 10 3 0 0 -7 -8 -16z m-3074 -4
c40 -9 40 -9 -12 -6 -29 1 -55 5 -59 9 -10 9 21 8 71 -3z m3329 -174 c-8 -35
-24 -37 -112 -21 -96 19 -158 40 -143 49 6 4 16 4 22 0 8 -4 9 0 4 15 -5 16
-2 21 10 21 13 0 16 -6 13 -24 -4 -21 0 -25 26 -29 17 -3 35 -1 40 4 5 4 18 3
29 -2 27 -15 71 18 75 55 l4 28 19 -36 c12 -23 17 -46 13 -60z m-3516 57 c-10
-2 -26 -2 -35 0 -10 3 -2 5 17 5 19 0 27 -2 18 -5z m-70 -30 c-15 -2 -42 -2
-60 0 -18 2 -6 4 27 4 33 0 48 -2 33 -4z m167 -3 c16 -7 13 -9 -17 -9 -20 -1
-40 -5 -43 -11 -9 -15 -45 -12 -45 4 0 8 6 17 13 19 19 8 70 6 92 -3z m-452
-37 c-13 -2 -35 -2 -50 0 -16 2 -5 4 22 4 28 0 40 -2 28 -4z m283 -8 c-19 -10
-50 -12 -112 -8 -112 8 -87 22 39 21 89 0 96 -1 73 -13z m4009 -86 c-6 -9 -35
-1 -35 10 0 4 3 11 7 14 8 9 34 -13 28 -24z m-3902 -156 c-7 -2 -19 -2 -25 0
-7 3 -2 5 12 5 14 0 19 -2 13 -5z m917 -92 c-12 -23 -29 -35 -37 -27 -3 3 5
14 18 25 30 25 32 26 19 2z m500 -75 c0 -8 -141 -88 -146 -83 -7 7 46 43 98
66 51 23 48 22 48 17z m-1631 -27 c-8 -5 -23 -9 -34 -9 -17 0 -17 2 5 14 27
14 52 10 29 -5z m1531 6 c0 -7 -58 -35 -72 -34 -7 0 5 9 27 19 48 22 45 21 45
15z m-395 -55 c-10 -11 -24 -20 -31 -20 -7 0 -26 -12 -43 -26 -18 -15 -29 -19
-25 -11 8 21 81 70 113 76 2 1 -4 -8 -14 -19z m-85 -5 c-7 -8 -18 -15 -24 -15
-6 0 -2 7 8 15 25 19 32 19 16 0z m-1090 1 c0 -2 -11 -6 -25 -8 -13 -3 -22 -1
-19 3 5 9 44 13 44 5z m1502 -29 c-12 -7 -20 -16 -16 -19 7 -7 -108 -68 -128
-68 -19 0 63 48 95 55 15 4 24 11 21 17 -7 12 14 28 36 27 9 0 6 -4 -8 -12z
m4519 -5 c-7 -2 -18 1 -23 6 -8 8 -4 9 13 5 13 -4 18 -8 10 -11z m-4961 -46
c0 -2 -7 -9 -15 -16 -13 -11 -14 -10 -9 4 5 14 24 23 24 12z m-729 -22 c-19
-8 -36 -12 -39 -9 -6 6 37 24 58 24 8 0 0 -6 -19 -15z m823 1 c-4 -8 -11 -15
-16 -15 -6 0 -5 6 2 15 7 8 14 15 16 15 2 0 1 -7 -2 -15z m916 -25 c0 -5 -5
-10 -11 -10 -5 0 -7 5 -4 10 3 6 8 10 11 10 2 0 4 -4 4 -10z m-1770 -14 c0 -2
-9 -6 -20 -9 -11 -3 -18 -1 -14 4 5 9 34 13 34 5z m815 -26 c-10 -11 -20 -18
-23 -15 -7 6 18 35 31 35 5 0 2 -9 -8 -20z m-831 -10 c-6 -6 -32 -13 -59 -15
-54 -4 -53 5 2 15 59 12 69 12 57 0z m153 -6 c-3 -3 -12 -4 -19 -1 -8 3 -5 6
6 6 11 1 17 -2 13 -5z m23 -34 c-46 -31 -60 -36 -60 -22 0 8 78 50 95 51 6 1
-10 -13 -35 -29z m620 -2 c0 -4 -6 -8 -13 -8 -8 0 -22 -9 -32 -20 -10 -11 -21
-18 -23 -15 -8 8 37 52 53 52 8 0 15 -4 15 -9z m-116 -30 c-49 -60 -71 -81
-99 -95 -20 -10 -7 6 40 51 72 68 92 82 59 44z m-604 8 c0 -2 -7 -7 -16 -10
-8 -3 -12 -2 -9 4 6 10 25 14 25 6z m510 -27 c-14 -6 -28 -17 -33 -24 -4 -8
-18 -20 -30 -26 -14 -6 -8 3 15 25 21 20 46 36 55 35 13 0 11 -3 -7 -10z
m-570 -19 c-40 -22 -50 -24 -50 -11 0 10 45 29 70 30 8 0 -1 -8 -20 -19z m660
-31 c-23 -22 -39 -44 -35 -47 4 -4 13 1 20 11 15 20 52 30 60 16 4 -5 -1 -9
-10 -9 -11 0 -15 -5 -12 -15 4 -9 -16 -32 -56 -65 -34 -27 -69 -57 -78 -65 -9
-8 -21 -15 -27 -15 -7 0 -12 -4 -12 -10 0 -5 -9 -10 -20 -10 -11 0 -20 -4 -20
-8 0 -5 -12 -15 -27 -22 -22 -10 -25 -14 -12 -19 13 -5 10 -11 -15 -30 -17
-14 -25 -18 -18 -11 24 27 12 31 -20 7 -51 -37 -67 -42 -28 -8 22 19 29 31 20
31 -9 0 -22 -6 -29 -12 -11 -11 -13 -10 -7 0 4 6 22 20 39 29 30 15 31 15 18
0 -29 -36 6 -15 41 24 43 47 45 51 21 42 -16 -6 -16 -5 -4 10 7 9 18 17 23 17
5 0 24 11 42 25 18 14 38 25 43 25 6 0 16 7 23 15 10 12 9 15 -6 16 -11 0 -14
3 -6 6 6 2 12 13 12 23 0 10 9 22 20 25 11 4 35 20 52 36 49 44 56 35 8 -12z
m-340 -50 c-14 -11 -35 -29 -47 -40 -13 -12 -23 -17 -23 -11 0 13 68 72 83 72
7 -1 1 -10 -13 -21z m-130 -3 c0 -2 -16 -13 -35 -25 -19 -11 -35 -18 -35 -16
0 5 61 45 68 45 1 0 2 -2 2 -4z m242 -35 c-15 -26 -170 -147 -177 -139 -2 2
14 22 36 45 21 23 39 39 39 35 0 -4 9 7 19 24 23 39 48 57 37 28 -5 -14 0 -12
19 9 34 36 49 35 27 -2z m108 25 c0 -3 -4 -8 -10 -11 -5 -3 -10 -1 -10 4 0 6
5 11 10 11 6 0 10 -2 10 -4z m265 -66 c3 -6 -1 -7 -9 -4 -18 7 -21 14 -7 14 6
0 13 -4 16 -10z m-187 -39 c-7 -12 -16 -21 -20 -21 -4 0 -17 -10 -29 -22 l-23
-23 18 30 c18 30 58 67 64 60 2 -2 -3 -12 -10 -24z m157 -1 c-10 -11 -21 -17
-24 -14 -3 3 3 12 13 20 28 20 32 17 11 -6z m-605 1 c0 -8 -90 -71 -102 -71
-13 0 60 68 78 73 10 2 20 5 22 6 1 0 2 -3 2 -8z m5657 -13 c-3 -8 -6 -5 -6 6
-1 11 2 17 5 13 3 -3 4 -12 1 -19z m-5237 -53 c-7 -8 -17 -15 -22 -15 -11 0
14 29 26 30 5 0 3 -7 -4 -15z m5236 -19 c-1 -19 -4 -32 -8 -30 -10 6 -26 -28
-21 -43 3 -8 -3 -13 -14 -13 -15 -1 -12 -6 12 -26 20 -17 23 -22 8 -15 -30 15
-46 14 -39 -4 3 -8 0 -15 -5 -15 -6 0 -9 -9 -6 -19 4 -17 2 -18 -13 -9 -17 11
-15 18 26 99 24 48 44 92 44 98 0 6 4 11 8 11 5 0 8 -15 8 -34z m-5531 -21
c-20 -20 -40 -34 -43 -31 -3 3 7 15 23 27 15 12 32 28 39 35 6 6 13 10 15 8 2
-2 -13 -20 -34 -39z m315 10 c0 -2 -13 -11 -30 -20 -38 -19 -40 -11 -2 9 31
17 32 18 32 11z m4 -26 c-10 -11 -28 -25 -39 -31 -11 -5 -4 4 15 21 41 36 51
40 24 10z m-410 -13 c-10 -8 -21 -12 -23 -10 -3 2 4 11 15 18 10 8 21 12 23
10 3 -2 -4 -11 -15 -18z m260 9 c-4 -8 -11 -15 -16 -15 -6 0 -5 6 2 15 7 8 14
15 16 15 2 0 1 -7 -2 -15z m169 -10 c-3 -9 -8 -14 -10 -11 -3 3 -2 9 2 15 9
16 15 13 8 -4z m570 -26 c-30 -20 -53 -25 -53 -11 0 11 63 41 73 35 5 -3 -4
-14 -20 -24z m-843 -3 c0 -5 -78 -56 -86 -56 -4 0 0 8 9 18 10 10 14 22 10 27
-5 4 -3 6 2 2 6 -3 17 -2 25 4 15 9 40 12 40 5z m130 -25 c0 -5 -7 -12 -16
-15 -14 -5 -15 -4 -4 9 14 17 20 19 20 6z m5240 -86 c0 -8 -4 -15 -10 -15 -5
0 -10 7 -10 15 0 8 5 15 10 15 6 0 10 -7 10 -15z m-14 -42 c-7 -7 -26 7 -26
19 0 6 6 6 15 -2 9 -7 13 -15 11 -17z m-42 -28 c-9 -14 -18 -25 -21 -25 -5 0
5 18 20 38 17 22 18 13 1 -13z m-5904 -10 c0 -2 -10 -9 -22 -15 -22 -11 -22
-10 -4 4 21 17 26 19 26 11z m5417 -127 c-3 -8 -6 -5 -6 6 -1 11 2 17 5 13 3
-3 4 -12 1 -19z m54 -34 c-5 -16 -10 -21 -10 -12 -1 18 10 51 15 45 2 -1 -1
-16 -5 -33z m-2226 -234 c-3 -5 -24 -8 -48 -8 -23 0 -34 3 -25 7 29 10 79 11
73 1z m255 -44 c0 -3 -4 -8 -10 -11 -5 -3 -10 -1 -10 4 0 6 5 11 10 11 6 0 10
-2 10 -4z m-2370 -66 c0 -5 -10 -15 -22 -21 -23 -12 -23 -12 -4 10 21 23 26
26 26 11z m4510 -108 c0 -10 -10 -3 -25 20 -14 20 -25 41 -25 45 1 16 50 -48
50 -65z m-1820 48 c0 -5 -5 -10 -11 -10 -5 0 -7 5 -4 10 3 6 8 10 11 10 2 0 4
-4 4 -10z m1510 -11 c0 -6 -4 -7 -10 -4 -5 3 -10 11 -10 16 0 6 5 7 10 4 6 -3
10 -11 10 -16z"/>
<path d="M1054 5369 c-3 -6 -2 -15 3 -20 5 -5 9 -1 9 11 0 23 -2 24 -12 9z"/>
<path d="M1080 5331 c0 -6 5 -13 10 -16 6 -3 10 1 10 9 0 9 -4 16 -10 16 -5 0
-10 -4 -10 -9z"/>
<path d="M943 5122 c-8 -5 -8 -15 2 -40 17 -38 29 -43 14 -5 -5 14 -8 32 -5
40 6 15 5 15 -11 5z"/>
<path d="M2676 4275 c-3 -9 -6 -22 -5 -28 0 -7 5 -1 10 12 5 13 8 26 5 28 -2
2 -6 -3 -10 -12z"/>
<path d="M2535 4209 c-11 -16 -1 -19 13 -3 7 8 8 14 3 14 -5 0 -13 -5 -16 -11z"/>
<path d="M2916 4005 c-9 -26 -7 -32 5 -12 6 10 9 21 6 23 -2 3 -7 -2 -11 -11z"/>
<path d="M2877 3823 c-4 -3 -7 -15 -7 -27 0 -20 0 -20 15 0 8 10 15 22 15 27
0 9 -14 9 -23 0z"/>
<path d="M2116 3137 c3 -10 9 -15 12 -12 3 3 0 11 -7 18 -10 9 -11 8 -5 -6z"/>
<path d="M2600 2690 c0 -5 10 -10 23 -10 18 0 19 2 7 10 -19 13 -30 13 -30 0z"/>
<path d="M2410 2620 c0 -5 6 -10 14 -10 8 0 18 5 21 10 3 6 -3 10 -14 10 -12
0 -21 -4 -21 -10z"/>
<path d="M2390 2473 c-49 -18 -80 -37 -77 -47 3 -8 -8 -12 -30 -13 -50 -2 -66
-21 -24 -29 l33 -7 -23 -14 c-22 -12 -19 -13 31 -7 30 3 62 12 70 19 8 7 25
16 38 20 13 4 21 9 19 12 -3 2 -27 -5 -52 -16 -63 -28 -66 -27 -25 8 l35 29
-30 -5 c-38 -7 -28 3 32 33 42 21 44 32 3 17z"/>
<path d="M2263 2332 c-38 -2 -53 -7 -53 -18 0 -17 5 -17 47 -5 18 5 33 6 35 0
2 -4 9 -5 17 0 26 16 6 26 -46 23z"/>
<path d="M2085 2110 c-3 -6 1 -7 9 -4 18 7 21 14 7 14 -6 0 -13 -4 -16 -10z"/>
<path d="M1230 2394 c0 -11 5 -14 16 -10 9 3 20 6 25 6 5 0 9 5 9 10 0 6 -11
10 -25 10 -16 0 -25 -6 -25 -16z"/>
<path d="M1428 2353 c7 -3 16 -2 19 1 4 3 -2 6 -13 5 -11 0 -14 -3 -6 -6z"/>
<path d="M1575 2350 c-16 -7 -17 -9 -3 -9 9 -1 20 4 23 9 7 11 7 11 -20 0z"/>
<path d="M1030 2320 c-8 -5 -13 -10 -10 -10 120 -8 160 -8 154 1 -3 6 -12 8
-20 5 -8 -3 -14 -1 -14 4 0 13 -90 13 -110 0z"/>
<path d="M1380 2320 c-62 -6 -63 -7 -20 -10 67 -6 101 -3 113 9 12 12 16 12
-93 1z"/>
<path d="M1220 2290 c20 -13 40 -13 40 0 0 6 -12 10 -27 10 -22 0 -25 -2 -13
-10z"/>
<path d="M1302 2292 c-12 -2 -34 -10 -49 -17 -24 -13 -21 -14 46 -11 48 2 77
7 87 18 14 14 12 15 -23 15 -21 -1 -48 -3 -61 -5z m45 -18 c-3 -3 -12 -4 -19
-1 -8 3 -5 6 6 6 11 1 17 -2 13 -5z"/>
<path d="M1088 2283 c6 -2 18 -2 25 0 6 3 1 5 -13 5 -14 0 -19 -2 -12 -5z"/>
<path d="M1148 2283 c12 -2 30 -2 40 0 9 3 -1 5 -23 4 -22 0 -30 -2 -17 -4z"/>
<path d="M1595 2270 c-3 -5 -2 -10 4 -10 5 0 13 5 16 10 3 6 2 10 -4 10 -5 0
-13 -4 -16 -10z"/>
<path d="M1340 2243 c-49 -8 -57 -13 -37 -24 13 -8 25 -6 43 5 13 9 24 19 24
21 0 3 -1 4 -2 4 -2 -1 -14 -4 -28 -6z"/>
<path d="M1108 2233 c12 -2 30 -2 40 0 9 3 -1 5 -23 4 -22 0 -30 -2 -17 -4z"/>
<path d="M1685 2208 l-30 -20 30 7 c33 7 51 20 38 28 -4 2 -21 -4 -38 -15z"/>
<path d="M1485 2185 c-16 -8 -23 -14 -15 -14 8 0 29 6 45 14 17 7 23 13 15 13
-8 0 -28 -6 -45 -13z"/>
<path d="M1630 2169 c0 -5 5 -7 10 -4 6 3 10 8 10 11 0 2 -4 4 -10 4 -5 0 -10
-5 -10 -11z"/>
<path d="M1403 2159 c-18 -5 -35 -14 -38 -19 -3 -5 15 -2 40 6 25 9 45 18 45
20 0 5 -9 4 -47 -7z"/>
<path d="M1598 2163 c7 -3 16 -2 19 1 4 3 -2 6 -13 5 -11 0 -14 -3 -6 -6z"/>
<path d="M945 2151 c-25 -6 -26 -8 -10 -12 11 -2 40 1 65 7 44 12 44 12 10 12
-19 0 -48 -3 -65 -7z"/>
<path d="M1515 2150 c-4 -7 3 -8 22 -4 38 9 42 14 10 14 -14 0 -29 -5 -32 -10z"/>
<path d="M1110 2141 c-14 -4 -20 -10 -14 -13 6 -4 30 -1 55 7 38 12 40 14 14
13 -16 0 -41 -3 -55 -7z"/>
<path d="M1414 2125 c-17 -13 -16 -14 14 -4 33 11 41 19 19 19 -7 0 -22 -7
-33 -15z"/>
<path d="M1545 2100 c-3 -5 -1 -10 4 -10 6 0 11 5 11 10 0 6 -2 10 -4 10 -3 0
-8 -4 -11 -10z"/>
<path d="M1609 2073 c-13 -15 -12 -15 11 -3 34 17 36 20 18 20 -9 0 -22 -7
-29 -17z"/>
<path d="M1210 2049 c-19 -10 -28 -19 -20 -19 8 0 26 9 40 20 31 25 25 24 -20
-1z"/>
<path d="M1300 1995 c-25 -8 -58 -18 -75 -24 l-30 -11 30 5 c103 17 195 45
140 44 -11 -1 -40 -7 -65 -14z"/>
<path d="M1515 2000 c-3 -5 -2 -10 4 -10 5 0 13 5 16 10 3 6 2 10 -4 10 -5 0
-13 -4 -16 -10z"/>
<path d="M1165 1926 c-22 -6 -40 -18 -40 -26 0 -8 -11 -17 -25 -21 l-25 -7 25
-1 25 -2 -25 -15 -25 -15 25 6 c14 3 40 9 59 12 18 3 49 21 69 39 32 29 33 33
13 27 -17 -4 -22 -3 -17 5 9 15 -7 14 -59 -2z"/>
<path d="M1383 1909 c-18 -12 -33 -22 -33 -22 0 -1 11 -3 25 -3 14 -1 22 2 19
7 -3 5 -1 9 4 9 6 0 12 7 16 15 7 19 8 19 -31 -6z"/>
<path d="M1280 1905 c-17 -10 -20 -14 -9 -15 9 0 22 7 29 15 15 18 12 18 -20
0z"/>
<path d="M950 1880 c-31 -13 -38 -19 -23 -19 13 -1 37 8 55 19 40 24 28 24
-32 0z"/>
<path d="M1028 1854 c-35 -12 -118 -62 -118 -70 0 -2 36 14 80 37 44 22 80 42
80 44 0 3 -1 4 -2 4 -2 -1 -20 -7 -40 -15z"/>
<path d="M1205 1841 c-36 -22 -40 -41 -7 -31 47 14 60 21 66 35 7 18 -26 16
-59 -4z"/>
<path d="M1115 1820 c-3 -6 1 -7 9 -4 18 7 21 14 7 14 -6 0 -13 -4 -16 -10z"/>
<path d="M1586 1799 c-23 -18 -26 -19 -26 -3 0 16 -1 16 -18 1 -10 -10 -21
-15 -23 -13 -2 2 -13 -6 -24 -17 -16 -16 -17 -19 -3 -14 9 3 32 9 50 12 32 6
105 55 82 55 -6 0 -23 -9 -38 -21z"/>
<path d="M1070 1775 c-14 -8 -20 -14 -14 -15 5 0 19 7 30 15 24 18 16 19 -16
0z"/>
<path d="M845 1770 c-3 -6 1 -7 9 -4 18 7 21 14 7 14 -6 0 -13 -4 -16 -10z"/>
<path d="M1120 1700 c-8 -5 -10 -10 -5 -10 6 0 17 5 25 10 8 5 11 10 5 10 -5
0 -17 -5 -25 -10z"/>
<path d="M1350 1579 c0 -5 5 -7 10 -4 6 3 10 8 10 11 0 2 -4 4 -10 4 -5 0 -10
-5 -10 -11z"/>
<path d="M1226 1319 c-23 -27 -15 -35 9 -9 10 11 16 22 14 25 -3 2 -13 -5 -23
-16z"/>
<path d="M1465 1280 c-3 -6 1 -7 9 -4 18 7 21 14 7 14 -6 0 -13 -4 -16 -10z"/>
<path d="M3768 5533 c7 -3 16 -2 19 1 4 3 -2 6 -13 5 -11 0 -14 -3 -6 -6z"/>
<path d="M4218 5533 c18 -2 45 -2 60 0 15 2 0 4 -33 4 -33 0 -45 -2 -27 -4z"/>
<path d="M4318 5533 c7 -3 16 -2 19 1 4 3 -2 6 -13 5 -11 0 -14 -3 -6 -6z"/>
<path d="M4423 5533 c15 -2 39 -2 55 0 15 2 2 4 -28 4 -30 0 -43 -2 -27 -4z"/>
<path d="M5053 5018 c-5 -7 -10 -24 -11 -38 0 -14 -4 -40 -7 -58 l-6 -33 20
20 c11 11 27 18 36 15 18 -7 18 -11 -4 54 -13 38 -21 49 -28 40z"/>
<path d="M4975 5001 c-11 -5 -29 -19 -40 -32 l-20 -24 23 19 c12 11 22 14 22
8 0 -18 28 -2 33 19 3 10 4 19 4 18 -1 0 -11 -4 -22 -8z"/>
<path d="M4978 4932 c-10 -2 -18 -10 -18 -18 0 -16 9 -18 29 -5 18 12 10 28
-11 23z"/>
<path d="M4915 4860 c-18 -20 -11 -25 19 -14 17 6 23 34 8 34 -5 0 -17 -9 -27
-20z"/>
<path d="M4988 4836 c-26 -19 -22 -27 7 -14 14 6 25 15 25 20 0 12 -12 9 -32
-6z"/>
<path d="M5073 4833 c-23 -9 -14 -23 13 -21 25 2 58 28 36 28 -6 0 -13 -6 -15
-12 -4 -10 -6 -10 -6 0 -1 13 -7 14 -28 5z"/>
<path d="M5124 4798 c-5 -7 -9 -21 -9 -31 -2 -24 18 -4 22 23 3 23 -2 26 -13
8z"/>
<path d="M5091 4754 c0 -11 3 -14 6 -6 3 7 2 16 -1 19 -3 4 -6 -2 -5 -13z"/>
<path d="M5105 4650 c-3 -5 -1 -10 4 -10 6 0 11 5 11 10 0 6 -2 10 -4 10 -3 0
-8 -4 -11 -10z"/>
<path d="M5065 4630 c-3 -5 1 -10 9 -10 9 0 16 5 16 10 0 6 -4 10 -9 10 -6 0
-13 -4 -16 -10z"/>
<path d="M5105 4490 c-15 -17 -16 -20 -3 -20 9 0 18 9 21 20 3 11 4 20 3 20
-2 0 -11 -9 -21 -20z"/>
<path d="M5075 4430 c-3 -5 1 -10 10 -10 9 0 13 5 10 10 -3 6 -8 10 -10 10 -2
0 -7 -4 -10 -10z"/>
<path d="M503 3113 c9 -2 23 -2 30 0 6 3 -1 5 -18 5 -16 0 -22 -2 -12 -5z"/>
<path d="M100 3070 c-13 -8 -13 -10 2 -10 9 0 20 5 23 10 8 13 -5 13 -25 0z"/>
<path d="M58 3053 c7 -3 16 -2 19 1 4 3 -2 6 -13 5 -11 0 -14 -3 -6 -6z"/>
<path d="M48 3013 c7 -3 16 -2 19 1 4 3 -2 6 -13 5 -11 0 -14 -3 -6 -6z"/>
<path d="M216 2991 c-5 -7 6 -11 31 -11 27 0 34 -3 23 -10 -26 -16 -4 -20 35
-7 45 16 38 23 -32 33 -33 4 -53 2 -57 -5z"/>
<path d="M0 2968 c0 -15 9 -18 63 -17 l62 1 -40 12 c-27 8 -35 14 -25 18 8 4
-2 6 -22 5 -29 -2 -38 -6 -38 -19z"/>
<path d="M105 2980 c-4 -6 11 -7 42 -3 63 8 67 13 10 13 -25 0 -49 -4 -52 -10z"/>
<path d="M150 2940 c8 -5 24 -10 35 -10 17 0 17 2 5 10 -8 5 -24 10 -35 10
-17 0 -17 -2 -5 -10z"/>
<path d="M18 2923 c12 -2 32 -2 45 0 12 2 2 4 -23 4 -25 0 -35 -2 -22 -4z"/>
<path d="M91 2912 c-1 -10 -12 -12 -43 -8 -42 7 -42 6 -18 -8 28 -17 88 -20
110 -6 12 8 9 10 -12 10 -14 0 -29 6 -31 13 -4 9 -6 9 -6 -1z"/>
<path d="M498 2893 c7 -3 16 -2 19 1 4 3 -2 6 -13 5 -11 0 -14 -3 -6 -6z"/>
<path d="M206 2853 c-9 -9 125 -52 139 -44 6 3 38 4 72 2 50 -2 64 0 69 13 5
12 20 16 57 16 28 0 47 3 44 6 -12 12 -92 9 -102 -3 -5 -6 -26 -12 -45 -13
-49 -3 -57 -1 -41 9 9 6 -17 9 -72 10 -47 1 -91 3 -99 6 -8 3 -17 2 -22 -2z"/>
<path d="M60 2846 c0 -8 100 -36 131 -36 38 0 35 9 -4 12 -15 1 -27 5 -27 9 0
4 -10 6 -22 6 -13 -1 -35 2 -50 6 -16 4 -28 6 -28 3z"/>
<path d="M693 2843 c15 -2 37 -2 50 0 12 2 0 4 -28 4 -27 0 -38 -2 -22 -4z"/>
<path d="M594 2825 c-18 -13 -16 -14 26 -14 42 0 44 1 26 14 -11 8 -23 15 -26
15 -3 0 -15 -7 -26 -15z"/>
<path d="M653 2753 c9 -2 23 -2 30 0 6 3 -1 5 -18 5 -16 0 -22 -2 -12 -5z"/>
<path d="M546 2740 c5 -4 43 -10 84 -13 51 -4 62 -3 35 2 -69 14 -128 20 -119
11z"/>
<path d="M13 2713 c9 -2 23 -2 30 0 6 3 -1 5 -18 5 -17 0 -22 -2 -12 -5z"/>
<path d="M348 2703 c7 -3 16 -2 19 1 4 3 -2 6 -13 5 -11 0 -14 -3 -6 -6z"/>
<path d="M575 2630 c-7 -12 54 -12 100 0 24 6 18 8 -32 9 -34 0 -65 -3 -68 -9z"/>
<path d="M518 2613 c6 -2 18 -2 25 0 6 3 1 5 -13 5 -14 0 -19 -2 -12 -5z"/>
<path d="M468 2603 c6 -2 18 -2 25 0 6 3 1 5 -13 5 -14 0 -19 -2 -12 -5z"/>
<path d="M20 2590 c36 -12 60 -12 60 0 0 6 -19 10 -42 9 -37 -1 -39 -2 -18 -9z"/>
<path d="M4380 2581 c0 -6 4 -13 10 -16 6 -3 7 1 4 9 -7 18 -14 21 -14 7z"/>
<path d="M75 2560 c-4 -6 14 -10 47 -10 29 0 91 -2 138 -5 l85 -5 -85 15
c-100 17 -176 19 -185 5z"/>
<path d="M500 2520 c-8 -5 -30 -7 -47 -4 -19 4 -33 2 -33 -4 0 -15 67 -24 90
-12 11 6 20 15 20 20 0 13 -11 12 -30 0z"/>
<path d="M4881 2503 c0 -25 1 -26 9 -8 12 27 12 35 0 35 -5 0 -10 -12 -9 -27z"/>
<path d="M220 2511 c-20 -6 -15 -8 28 -14 59 -7 115 0 106 14 -6 10 -98 10
-134 0z"/>
<path d="M4750 2483 c0 -13 5 -23 10 -23 13 0 13 11 0 30 -8 12 -10 11 -10 -7z"/>
<path d="M0 2452 c0 -19 27 -32 65 -32 33 1 37 2 22 11 -10 6 -25 8 -33 5 -8
-3 -14 -1 -14 4 0 5 19 11 43 13 33 3 29 4 -20 5 -35 1 -63 -2 -63 -6z"/>
<path d="M648 2423 c7 -3 16 -2 19 1 4 3 -2 6 -13 5 -11 0 -14 -3 -6 -6z"/>
<path d="M5091 2394 c0 -11 3 -14 6 -6 3 7 2 16 -1 19 -3 4 -6 -2 -5 -13z"/>
<path d="M220 2390 c-14 -4 -20 -9 -15 -10 6 -1 -3 -6 -20 -10 -24 -6 -17 -8
30 -8 33 0 52 2 43 5 -21 5 -23 19 -5 26 19 8 -5 6 -33 -3z"/>
<path d="M648 2393 c6 -2 18 -2 25 0 6 3 1 5 -13 5 -14 0 -19 -2 -12 -5z"/>
<path d="M352 2382 c-7 -2 -12 -11 -12 -20 0 -12 3 -13 12 -4 6 6 18 8 27 4 9
-4 39 -5 66 -1 28 3 41 7 30 8 -11 1 -41 6 -66 10 -25 4 -51 5 -57 3z"/>
<path d="M87 2373 c-23 -6 -12 -23 16 -23 16 0 18 3 8 9 -11 7 -11 9 0 14 17
6 1 7 -24 0z"/>
<path d="M4800 2368 c0 -8 7 -21 15 -28 19 -16 19 -1 0 24 -12 16 -15 17 -15
4z"/>
<path d="M120 2333 c-68 -6 -72 -22 -5 -18 31 2 62 8 68 14 8 8 7 11 -3 9 -8
-1 -35 -3 -60 -5z"/>
<path d="M5570 2300 c0 -5 5 -10 11 -10 5 0 7 5 4 10 -3 6 -8 10 -11 10 -2 0
-4 -4 -4 -10z"/>
<path d="M4600 2125 c0 -2 10 -10 23 -16 20 -11 21 -11 8 4 -13 16 -31 23 -31
12z"/>
<path d="M276 2111 c-4 -7 0 -11 12 -11 10 0 22 -3 25 -7 10 -9 -24 -32 -48
-33 -16 0 -17 -2 -5 -10 13 -8 12 -11 -5 -24 -18 -14 -15 -15 35 -9 30 3 62
11 70 18 8 7 42 21 75 30 33 10 64 21 68 25 4 4 -25 10 -65 13 -40 4 -92 9
-114 13 -26 4 -44 2 -48 -5z"/>
<path d="M4580 2076 c0 -2 7 -7 16 -10 8 -3 12 -2 9 4 -6 10 -25 14 -25 6z"/>
<path d="M3178 1843 c-9 -2 -19 -11 -22 -19 -4 -12 -2 -12 14 -4 15 8 40 33
28 29 -2 -1 -10 -3 -20 -6z"/>
<path d="M6160 1773 c26 -34 11 -42 -27 -15 -18 12 -35 17 -47 12 -14 -4 -16
-9 -8 -14 20 -12 14 -29 -8 -23 -11 3 -20 2 -20 -3 0 -11 76 -50 97 -50 15 0
15 -2 -1 -13 -17 -13 -17 -14 -2 -20 12 -5 15 -13 10 -34 -7 -26 -7 -27 10
-10 10 9 23 17 31 17 7 0 15 4 17 9 5 14 91 52 97 43 3 -4 14 0 24 10 9 10 12
18 6 18 -5 0 -7 5 -3 11 3 6 15 9 25 6 28 -8 23 6 -16 42 -19 17 -35 29 -35
25 0 -4 -7 -1 -15 6 -12 10 -15 9 -15 -4 0 -15 -2 -15 -25 0 -24 16 -27 16
-39 -1 -12 -17 -15 -17 -37 -2 -35 25 -43 21 -19 -10z"/>
<path d="M458 1673 c7 -3 16 -2 19 1 4 3 -2 6 -13 5 -11 0 -14 -3 -6 -6z"/>
<path d="M6251 1634 c0 -11 3 -14 6 -6 3 7 2 16 -1 19 -3 4 -6 -2 -5 -13z"/>
<path d="M2805 1580 c-3 -5 -1 -10 4 -10 6 0 11 5 11 10 0 6 -2 10 -4 10 -3 0
-8 -4 -11 -10z"/>
<path d="M6260 1543 c0 -25 3 -43 7 -39 10 10 12 86 2 86 -5 0 -9 -21 -9 -47z"/>
<path d="M6220 1545 c10 -12 10 -15 0 -15 -8 0 -10 -3 -6 -7 9 -9 36 -13 36
-5 -1 11 -27 42 -35 42 -4 0 -2 -7 5 -15z"/>
<path d="M23 1543 c-13 -2 -23 -11 -23 -19 0 -12 5 -12 28 3 42 26 42 25 -5
16z"/>
<path d="M418 1473 c6 -2 18 -2 25 0 6 3 1 5 -13 5 -14 0 -19 -2 -12 -5z"/>
<path d="M6072 1400 c0 -14 2 -19 5 -12 2 6 2 18 0 25 -3 6 -5 1 -5 -13z"/>
<path d="M0 1372 l0 -25 25 23 c14 13 25 24 25 25 0 2 -11 3 -25 3 -20 0 -25
-5 -25 -26z"/>
<path d="M0 1253 c0 -11 5 -13 18 -8 9 4 22 8 29 8 23 1 3 15 -22 15 -15 0
-25 -6 -25 -15z"/>
<path d="M5 1220 c-3 -5 -2 -10 4 -10 5 0 13 5 16 10 3 6 2 10 -4 10 -5 0 -13
-4 -16 -10z"/>
<path d="M57 1210 c-14 -11 -32 -20 -41 -20 -12 0 -16 -10 -16 -42 0 -41 0
-41 20 -23 12 10 19 24 16 32 -3 7 9 23 27 37 17 14 29 27 26 31 -3 3 -17 -4
-32 -15z"/>
<path d="M2416 1204 c-11 -7 -18 -16 -15 -18 2 -2 13 2 23 10 11 7 18 16 15
18 -2 2 -13 -2 -23 -10z"/>
<path d="M6028 865 c-3 -11 -9 -29 -13 -40 -3 -11 1 -7 10 8 9 16 15 33 12 40
-2 6 -6 3 -9 -8z"/>
<path d="M2030 830 c-8 -5 -11 -12 -7 -16 4 -4 15 0 24 9 18 18 8 23 -17 7z"/>
<path d="M5997 793 c-4 -3 -7 -11 -7 -17 0 -6 5 -5 12 2 6 6 9 14 7 17 -3 3
-9 2 -12 -2z"/>
<path d="M5947 760 c3 -11 7 -20 9 -20 2 0 4 9 4 20 0 11 -4 20 -9 20 -5 0 -7
-9 -4 -20z"/>
<path d="M3597 708 c-14 -13 -37 -32 -51 -43 -25 -20 -33 -35 -18 -35 4 0 28
18 52 40 25 22 48 40 53 40 10 0 9 20 -2 20 -4 0 -20 -10 -34 -22z"/>
<path d="M3720 720 c-8 -5 -10 -10 -5 -10 6 0 17 5 25 10 8 5 11 10 5 10 -5 0
-17 -5 -25 -10z"/>
<path d="M3680 680 c0 -17 -9 -24 -30 -22 -3 0 -6 -8 -6 -18 0 -20 4 -18 49
14 30 22 36 39 10 29 -11 -4 -14 -3 -9 5 4 7 2 12 -3 12 -6 0 -11 -9 -11 -20z"/>
<path d="M3600 660 c-8 -5 -10 -10 -5 -10 6 0 17 5 25 10 8 5 11 10 5 10 -5 0
-17 -5 -25 -10z"/>
<path d="M5757 663 c-4 -3 -7 -11 -7 -17 0 -6 5 -5 12 2 6 6 9 14 7 17 -3 3
-9 2 -12 -2z"/>
<path d="M3705 630 c-3 -5 -1 -10 4 -10 6 0 11 5 11 10 0 6 -2 10 -4 10 -3 0
-8 -4 -11 -10z"/>
<path d="M3809 620 c-8 -5 -26 -11 -40 -14 -13 -3 -37 -9 -54 -15 -28 -9 -29
-9 -5 -10 14 -1 36 -4 49 -8 17 -4 22 -3 17 5 -4 7 -3 12 3 12 6 0 25 9 43 20
32 19 19 29 -13 10z"/>
<path d="M3420 610 c-8 -5 -11 -12 -7 -16 4 -4 15 0 24 9 18 18 8 23 -17 7z"/>
<path d="M4870 597 c-8 -7 -21 -20 -29 -30 -12 -15 -12 -17 2 -11 9 3 23 17
32 30 17 27 17 29 -5 11z"/>
<path d="M4980 591 c-8 -6 -18 -7 -24 -4 -5 3 -6 1 -2 -5 4 -7 3 -12 -3 -12
-5 0 -11 6 -13 12 -4 10 -10 10 -31 1 -29 -14 -36 -33 -12 -33 8 0 15 5 15 10
0 13 27 13 35 1 3 -6 -9 -26 -26 -45 -41 -48 -26 -46 17 1 32 35 62 41 33 7
-12 -15 -11 -16 11 -9 14 4 32 14 40 22 13 14 13 15 -2 10 -24 -8 -44 19 -28
38 14 17 11 19 -10 6z"/>
<path d="M3445 580 c-3 -6 1 -7 9 -4 18 7 21 14 7 14 -6 0 -13 -4 -16 -10z"/>
<path d="M5089 553 l-24 -28 28 24 c15 14 27 26 27 28 0 8 -8 1 -31 -24z"/>
<path d="M3962 553 c-18 -8 -31 -17 -29 -19 4 -4 75 20 83 29 13 13 -21 7 -54
-10z"/>
<path d="M3395 549 c-4 -6 -5 -12 -2 -15 2 -3 7 2 10 11 7 17 1 20 -8 4z"/>
<path d="M5099 523 c-13 -16 -12 -17 4 -4 9 7 17 15 17 17 0 8 -8 3 -21 -13z"/>
<path d="M5143 520 c-41 -22 -63 -40 -63 -51 0 -8 34 9 89 42 20 13 29 30 14
28 -5 -1 -23 -9 -40 -19z"/>
<path d="M5205 520 c-4 -6 -18 -15 -31 -20 -23 -9 -34 -30 -15 -30 15 0 67 48
60 55 -4 3 -10 1 -14 -5z"/>
<path d="M5005 484 c-16 -20 -22 -35 -15 -32 17 5 55 56 48 63 -3 3 -18 -11
-33 -31z"/>
<path d="M5278 492 c-14 -15 -28 -35 -31 -45 -11 -31 29 -1 47 35 21 41 16 44
-16 10z"/>
<path d="M5234 500 c-12 -4 -31 -25 -42 -45 l-22 -36 45 38 c25 20 45 41 45
45 0 9 1 9 -26 -2z"/>
<path d="M4965 489 c-11 -17 1 -21 15 -4 8 9 8 15 2 15 -6 0 -14 -5 -17 -11z"/>
<path d="M5029 463 c-13 -16 -12 -17 4 -4 16 13 21 21 13 21 -2 0 -10 -8 -17
-17z"/>
<path d="M4987 352 c-25 -27 -21 -36 5 -12 12 11 19 22 16 25 -2 3 -12 -3 -21
-13z"/>
<path d="M5920 270 c0 -5 5 -10 11 -10 5 0 7 5 4 10 -3 6 -8 10 -11 10 -2 0
-4 -4 -4 -10z"/>
</g>
</svg>
    
-->
   

  
 
 
    
</head>
<body>
    
</body>
</html>
